G3dErrFileVersion 2025R1
FlagFileMetaData Begin
   Mesh Size - Setup1, Refinement, Pass #1, Freq. 5.300000e+09 :Title    
   Listing of mesh elements with poor quality. :ToolTip  
   hf3d :Author   
   1776702591 :TimeStamp
   mm :UnitName 
   1.0000000000000000e-03 :UnitConv
FlagFileMetaData End
BEGIN_ERR 
26 Small mesh segment detected on body : Feed_patch
 Small mesh segment detected on body : Feed_patch 
 Segment Statistics - Number of Segments : 1 --- Segment length(s) : 0.078125mm. The cutoff frequency for S-Matrix Only Solve is 2.49827048333333MHz 
2 -1  421  # nfids, fids[]
2 420  -1  # nbids, bids[]
      4 2 1 0 #ntets ntri ned npts
           4.0353553390000002e+01   4.7646446609999998e+01   7.8125000000004718e-02 #xyz tv0
           4.0191341719999997e+01   4.7538060229999999e+01   0.0000000000000000e+00 #xyz tv1
           4.0353553390000002e+01   4.7646446609999998e+01   0.0000000000000000e+00 #xyz tv2
           4.0500000000000000e+01   4.8000000000000000e+01   0.0000000000000000e+00 -1 420 #xyz tv3 fid bid
           4.0353553390000002e+01   4.7646446609999998e+01   7.8125000000004718e-02 #xyz tv0
           4.0353553390000002e+01   4.7646446609999998e+01   0.0000000000000000e+00 #xyz tv1
           4.0191341719999997e+01   4.7538060229999999e+01   0.0000000000000000e+00 #xyz tv2
           4.0937500000000007e+01   4.7031250000000007e+01   6.2500000000000444e-01 -1 420 #xyz tv3 fid bid
           4.0353553390000002e+01   4.7646446609999998e+01   7.8125000000004718e-02 #xyz tv0
           4.0353553390000002e+01   4.7646446609999998e+01   0.0000000000000000e+00 #xyz tv1
           4.0461939770000001e+01   4.7808658280000003e+01   1.5625000000000533e-01 #xyz tv2
           4.0500000000000000e+01   4.8000000000000000e+01   0.0000000000000000e+00 -1 420 #xyz tv3 fid bid
           4.0353553390000002e+01   4.7646446609999998e+01   7.8125000000004718e-02 #xyz tv0
           4.0461939770000001e+01   4.7808658280000003e+01   1.5625000000000533e-01 #xyz tv1
           4.0353553390000002e+01   4.7646446609999998e+01   0.0000000000000000e+00 #xyz tv2
           4.0937500000000007e+01   4.7031250000000007e+01   6.2500000000000444e-01 -1 420 #xyz tv3 fid bid
           4.0353553390000002e+01   4.7646446609999998e+01   7.8125000000004718e-02 #xyz tv0
           4.0353553390000002e+01   4.7646446609999998e+01   0.0000000000000000e+00 #xyz tv1
           4.0191341719999997e+01   4.7538060229999999e+01   0.0000000000000000e+00 421 -1 #xyz tv2 fid bid
           4.0461939770000001e+01   4.7808658280000003e+01   1.5625000000000533e-01 #xyz tv0
           4.0353553390000002e+01   4.7646446609999998e+01   0.0000000000000000e+00 #xyz tv1
           4.0353553390000002e+01   4.7646446609999998e+01   7.8125000000004718e-02 421 -1 #xyz tv2 fid bid
           4.0353553390000002e+01   4.7646446609999998e+01   7.8125000000004718e-02 #xyz ev0
           4.0353553390000002e+01   4.7646446609999998e+01   0.0000000000000000e+00 -1 420 #xyz ev1 fid bid
   0   0.000000000000e+00   0.000000000000e+00   0.000000000000e+00 #flag location
END_ERR 
G3dErrFileVersion 2025R1
FlagFileMetaData Begin
   Mesh Size - Setup1, Refinement, Pass #2, Freq. 5.300000e+09 :Title    
   Listing of mesh elements with poor quality. :ToolTip  
   hf3d :Author   
   1776702594 :TimeStamp
   mm :UnitName 
   1.0000000000000000e-03 :UnitConv
FlagFileMetaData End
BEGIN_ERR 
26 Small mesh segment detected on body : Feed_patch
 Small mesh segment detected on body : Feed_patch 
 Segment Statistics - Number of Segments : 1 --- Segment length(s) : 0.078125mm. The cutoff frequency for S-Matrix Only Solve is 2.49827048333333MHz 
2 -1  421  # nfids, fids[]
2 420  -1  # nbids, bids[]
      4 2 1 0 #ntets ntri ned npts
           4.0353553390000002e+01   4.7646446609999998e+01   7.8125000000004718e-02 #xyz tv0
           4.0191341719999997e+01   4.7538060229999999e+01   0.0000000000000000e+00 #xyz tv1
           4.0353553390000002e+01   4.7646446609999998e+01   0.0000000000000000e+00 #xyz tv2
           4.0500000000000000e+01   4.8000000000000000e+01   0.0000000000000000e+00 -1 420 #xyz tv3 fid bid
           4.0353553390000002e+01   4.7646446609999998e+01   7.8125000000004718e-02 #xyz tv0
           4.0353553390000002e+01   4.7646446609999998e+01   0.0000000000000000e+00 #xyz tv1
           4.0191341719999997e+01   4.7538060229999999e+01   0.0000000000000000e+00 #xyz tv2
           4.0749491449963557e+01   4.7208841232121785e+01   6.4060265564515639e-01 -1 420 #xyz tv3 fid bid
           4.0353553390000002e+01   4.7646446609999998e+01   7.8125000000004718e-02 #xyz tv0
           4.0353553390000002e+01   4.7646446609999998e+01   0.0000000000000000e+00 #xyz tv1
           4.0461939770000001e+01   4.7808658280000003e+01   1.5625000000000533e-01 #xyz tv2
           4.0500000000000000e+01   4.8000000000000000e+01   0.0000000000000000e+00 -1 420 #xyz tv3 fid bid
           4.0353553390000002e+01   4.7646446609999998e+01   7.8125000000004718e-02 #xyz tv0
           4.0461939770000001e+01   4.7808658280000003e+01   1.5625000000000533e-01 #xyz tv1
           4.0353553390000002e+01   4.7646446609999998e+01   0.0000000000000000e+00 #xyz tv2
           4.0749491449963557e+01   4.7208841232121785e+01   6.4060265564515639e-01 -1 420 #xyz tv3 fid bid
           4.0353553390000002e+01   4.7646446609999998e+01   7.8125000000004718e-02 #xyz tv0
           4.0353553390000002e+01   4.7646446609999998e+01   0.0000000000000000e+00 #xyz tv1
           4.0191341719999997e+01   4.7538060229999999e+01   0.0000000000000000e+00 421 -1 #xyz tv2 fid bid
           4.0461939770000001e+01   4.7808658280000003e+01   1.5625000000000533e-01 #xyz tv0
           4.0353553390000002e+01   4.7646446609999998e+01   0.0000000000000000e+00 #xyz tv1
           4.0353553390000002e+01   4.7646446609999998e+01   7.8125000000004718e-02 421 -1 #xyz tv2 fid bid
           4.0353553390000002e+01   4.7646446609999998e+01   7.8125000000004718e-02 #xyz ev0
           4.0353553390000002e+01   4.7646446609999998e+01   0.0000000000000000e+00 -1 420 #xyz ev1 fid bid
   0   0.000000000000e+00   0.000000000000e+00   0.000000000000e+00 #flag location
END_ERR 
G3dErrFileVersion 2025R1
FlagFileMetaData Begin
   Mesh Size - Setup1, Refinement, Pass #3, Freq. 5.300000e+09 :Title    
   Listing of mesh elements with poor quality. :ToolTip  
   hf3d :Author   
   1776702596 :TimeStamp
   mm :UnitName 
   1.0000000000000000e-03 :UnitConv
FlagFileMetaData End
BEGIN_ERR 
26 Small mesh segment detected on body : Feed_patch
 Small mesh segment detected on body : Feed_patch 
 Segment Statistics - Number of Segments : 1 --- Segment length(s) : 0.078125mm. The cutoff frequency for S-Matrix Only Solve is 2.49827048333333MHz 
2 -1  421  # nfids, fids[]
2 420  -1  # nbids, bids[]
      4 2 1 0 #ntets ntri ned npts
           4.0353553390000002e+01   4.7646446609999998e+01   7.8125000000004718e-02 #xyz tv0
           4.0191341719999997e+01   4.7538060229999999e+01   0.0000000000000000e+00 #xyz tv1
           4.0353553390000002e+01   4.7646446609999998e+01   0.0000000000000000e+00 #xyz tv2
           4.0500000000000000e+01   4.8000000000000000e+01   0.0000000000000000e+00 -1 420 #xyz tv3 fid bid
           4.0353553390000002e+01   4.7646446609999998e+01   7.8125000000004718e-02 #xyz tv0
           4.0353553390000002e+01   4.7646446609999998e+01   0.0000000000000000e+00 #xyz tv1
           4.0191341719999997e+01   4.7538060229999999e+01   0.0000000000000000e+00 #xyz tv2
           4.0876604158499518e+01   4.7286361514449837e+01   6.4653063228822893e-01 -1 420 #xyz tv3 fid bid
           4.0353553390000002e+01   4.7646446609999998e+01   7.8125000000004718e-02 #xyz tv0
           4.0353553390000002e+01   4.7646446609999998e+01   0.0000000000000000e+00 #xyz tv1
           4.0461939770000001e+01   4.7808658280000003e+01   1.5625000000000533e-01 #xyz tv2
           4.0500000000000000e+01   4.8000000000000000e+01   0.0000000000000000e+00 -1 420 #xyz tv3 fid bid
           4.0353553390000002e+01   4.7646446609999998e+01   7.8125000000004718e-02 #xyz tv0
           4.0461939770000001e+01   4.7808658280000003e+01   1.5625000000000533e-01 #xyz tv1
           4.0353553390000002e+01   4.7646446609999998e+01   0.0000000000000000e+00 #xyz tv2
           4.0876604158499518e+01   4.7286361514449837e+01   6.4653063228822893e-01 -1 420 #xyz tv3 fid bid
           4.0353553390000002e+01   4.7646446609999998e+01   7.8125000000004718e-02 #xyz tv0
           4.0353553390000002e+01   4.7646446609999998e+01   0.0000000000000000e+00 #xyz tv1
           4.0191341719999997e+01   4.7538060229999999e+01   0.0000000000000000e+00 421 -1 #xyz tv2 fid bid
           4.0461939770000001e+01   4.7808658280000003e+01   1.5625000000000533e-01 #xyz tv0
           4.0353553390000002e+01   4.7646446609999998e+01   0.0000000000000000e+00 #xyz tv1
           4.0353553390000002e+01   4.7646446609999998e+01   7.8125000000004718e-02 421 -1 #xyz tv2 fid bid
           4.0353553390000002e+01   4.7646446609999998e+01   7.8125000000004718e-02 #xyz ev0
           4.0353553390000002e+01   4.7646446609999998e+01   0.0000000000000000e+00 -1 420 #xyz ev1 fid bid
   0   0.000000000000e+00   0.000000000000e+00   0.000000000000e+00 #flag location
END_ERR 
G3dErrFileVersion 2025R1
FlagFileMetaData Begin
   Mesh Size - Setup1, Refinement, Pass #4, Freq. 5.300000e+09 :Title    
   Listing of mesh elements with poor quality. :ToolTip  
   hf3d :Author   
   1776702599 :TimeStamp
   mm :UnitName 
   1.0000000000000000e-03 :UnitConv
FlagFileMetaData End
BEGIN_ERR 
26 Small mesh segment detected on body : Feed_patch
 Small mesh segment detected on body : Feed_patch 
 Segment Statistics - Number of Segments : 1 --- Segment length(s) : 0.078125mm. The cutoff frequency for S-Matrix Only Solve is 2.49827048333333MHz 
2 -1  421  # nfids, fids[]
2 420  -1  # nbids, bids[]
      4 2 1 0 #ntets ntri ned npts
           4.0353553390000002e+01   4.7646446609999998e+01   7.8125000000004718e-02 #xyz tv0
           4.0191341719999997e+01   4.7538060229999999e+01   0.0000000000000000e+00 #xyz tv1
           4.0353553390000002e+01   4.7646446609999998e+01   0.0000000000000000e+00 #xyz tv2
           4.0500000000000000e+01   4.8000000000000000e+01   0.0000000000000000e+00 -1 420 #xyz tv3 fid bid
           4.0353553390000002e+01   4.7646446609999998e+01   7.8125000000004718e-02 #xyz tv0
           4.0353553390000002e+01   4.7646446609999998e+01   0.0000000000000000e+00 #xyz tv1
           4.0191341719999997e+01   4.7538060229999999e+01   0.0000000000000000e+00 #xyz tv2
           4.0948352484977605e+01   4.7314132875896391e+01   7.0900006602016230e-01 -1 420 #xyz tv3 fid bid
           4.0353553390000002e+01   4.7646446609999998e+01   7.8125000000004718e-02 #xyz tv0
           4.0353553390000002e+01   4.7646446609999998e+01   0.0000000000000000e+00 #xyz tv1
           4.0461939770000001e+01   4.7808658280000003e+01   1.5625000000000533e-01 #xyz tv2
           4.0500000000000000e+01   4.8000000000000000e+01   0.0000000000000000e+00 -1 420 #xyz tv3 fid bid
           4.0353553390000002e+01   4.7646446609999998e+01   7.8125000000004718e-02 #xyz tv0
           4.0461939770000001e+01   4.7808658280000003e+01   1.5625000000000533e-01 #xyz tv1
           4.0353553390000002e+01   4.7646446609999998e+01   0.0000000000000000e+00 #xyz tv2
           4.0948352484977605e+01   4.7314132875896391e+01   7.0900006602016230e-01 -1 420 #xyz tv3 fid bid
           4.0353553390000002e+01   4.7646446609999998e+01   7.8125000000004718e-02 #xyz tv0
           4.0353553390000002e+01   4.7646446609999998e+01   0.0000000000000000e+00 #xyz tv1
           4.0191341719999997e+01   4.7538060229999999e+01   0.0000000000000000e+00 421 -1 #xyz tv2 fid bid
           4.0461939770000001e+01   4.7808658280000003e+01   1.5625000000000533e-01 #xyz tv0
           4.0353553390000002e+01   4.7646446609999998e+01   0.0000000000000000e+00 #xyz tv1
           4.0353553390000002e+01   4.7646446609999998e+01   7.8125000000004718e-02 421 -1 #xyz tv2 fid bid
           4.0353553390000002e+01   4.7646446609999998e+01   7.8125000000004718e-02 #xyz ev0
           4.0353553390000002e+01   4.7646446609999998e+01   0.0000000000000000e+00 -1 420 #xyz ev1 fid bid
   0   0.000000000000e+00   0.000000000000e+00   0.000000000000e+00 #flag location
END_ERR 
G3dErrFileVersion 2025R1
FlagFileMetaData Begin
   Mesh Size - Setup1, Refinement, Pass #5, Freq. 5.300000e+09 :Title    
   Listing of mesh elements with poor quality. :ToolTip  
   hf3d :Author   
   1776702602 :TimeStamp
   mm :UnitName 
   1.0000000000000000e-03 :UnitConv
FlagFileMetaData End
BEGIN_ERR 
26 Small mesh segment detected on body : Feed_patch
 Small mesh segment detected on body : Feed_patch 
 Segment Statistics - Number of Segments : 1 --- Segment length(s) : 0.078125mm. The cutoff frequency for S-Matrix Only Solve is 2.49827048333333MHz 
2 -1  421  # nfids, fids[]
2 420  -1  # nbids, bids[]
      5 2 1 0 #ntets ntri ned npts
           4.0353553390000002e+01   4.7646446609999998e+01   7.8125000000004718e-02 #xyz tv0
           4.0191341719999997e+01   4.7538060229999999e+01   0.0000000000000000e+00 #xyz tv1
           4.0353553390000002e+01   4.7646446609999998e+01   0.0000000000000000e+00 #xyz tv2
           4.0500000000000000e+01   4.8000000000000000e+01   0.0000000000000000e+00 -1 420 #xyz tv3 fid bid
           4.0133674812966547e+01   4.7084498385029946e+01   0.0000000000000000e+00 #xyz tv0
           4.0353553390000002e+01   4.7646446609999998e+01   0.0000000000000000e+00 #xyz tv1
           4.0353553390000002e+01   4.7646446609999998e+01   7.8125000000004718e-02 #xyz tv2
           4.0191341719999997e+01   4.7538060229999999e+01   0.0000000000000000e+00 -1 420 #xyz tv3 fid bid
           4.0500000000000000e+01   4.8000000000000000e+01   0.0000000000000000e+00 #xyz tv0
           4.0353553390000002e+01   4.7646446609999998e+01   7.8125000000004718e-02 #xyz tv1
           4.0461939770000001e+01   4.7808658280000003e+01   0.0000000000000000e+00 #xyz tv2
           4.0353553390000002e+01   4.7646446609999998e+01   0.0000000000000000e+00 -1 420 #xyz tv3 fid bid
           4.1180868320000002e+01   4.6819131679999998e+01   0.0000000000000000e+00 #xyz tv0
           4.0353553390000002e+01   4.7646446609999998e+01   7.8125000000004718e-02 #xyz tv1
           4.0133674812966547e+01   4.7084498385029946e+01   0.0000000000000000e+00 #xyz tv2
           4.0353553390000002e+01   4.7646446609999998e+01   0.0000000000000000e+00 -1 420 #xyz tv3 fid bid
           4.0461939770000001e+01   4.7808658280000003e+01   0.0000000000000000e+00 #xyz tv0
           4.0353553390000002e+01   4.7646446609999998e+01   7.8125000000004718e-02 #xyz tv1
           4.1180868320000002e+01   4.6819131679999998e+01   0.0000000000000000e+00 #xyz tv2
           4.0353553390000002e+01   4.7646446609999998e+01   0.0000000000000000e+00 -1 420 #xyz tv3 fid bid
           4.0353553390000002e+01   4.7646446609999998e+01   7.8125000000004718e-02 #xyz tv0
           4.0353553390000002e+01   4.7646446609999998e+01   0.0000000000000000e+00 #xyz tv1
           4.0191341719999997e+01   4.7538060229999999e+01   0.0000000000000000e+00 421 -1 #xyz tv2 fid bid
           4.0353553390000002e+01   4.7646446609999998e+01   7.8125000000004718e-02 #xyz tv0
           4.0461939770000001e+01   4.7808658280000003e+01   0.0000000000000000e+00 #xyz tv1
           4.0353553390000002e+01   4.7646446609999998e+01   0.0000000000000000e+00 421 -1 #xyz tv2 fid bid
           4.0353553390000002e+01   4.7646446609999998e+01   7.8125000000004718e-02 #xyz ev0
           4.0353553390000002e+01   4.7646446609999998e+01   0.0000000000000000e+00 -1 420 #xyz ev1 fid bid
   0   0.000000000000e+00   0.000000000000e+00   0.000000000000e+00 #flag location
END_ERR 
BEGIN_ERR 
26 Small mesh segment detected on body : Feed_ext1
 Small mesh segment detected on body : Feed_ext1 
 Segment Statistics - Number of Segments : 1 --- Segment length(s) : 0.112069mm. The cutoff frequency for S-Matrix Only Solve is 2.49827048333333MHz 
2 -1  398  # nfids, fids[]
2 406  -1  # nbids, bids[]
      4 2 1 0 #ntets ntri ned npts
           4.0000000000000000e+01   4.6329999999999998e+01  -1.1206896551723883e-01 #xyz tv0
           4.0000000000000000e+01   4.6200000000000003e+01   0.0000000000000000e+00 #xyz tv1
           4.0000000000000000e+01   4.6329999999999998e+01   0.0000000000000000e+00 #xyz tv2
           4.0639081330000010e+01   4.6457121180000001e+01   0.0000000000000000e+00 -1 406 #xyz tv3 fid bid
           4.0000000000000000e+01   4.6329999999999998e+01  -1.1206896551723883e-01 #xyz tv0
           4.0000000000000000e+01   4.6329999999999998e+01   0.0000000000000000e+00 #xyz tv1
           4.0029795934150087e+01   4.6716310762774938e+01  -5.1029685422298676e-01 #xyz tv2
           4.0639081330000010e+01   4.6457121180000001e+01   0.0000000000000000e+00 -1 406 #xyz tv3 fid bid
           4.0000000000000000e+01   4.6329999999999998e+01  -1.1206896551723883e-01 #xyz tv0
           4.0000000000000000e+01   4.6329999999999998e+01   0.0000000000000000e+00 #xyz tv1
           4.0000000000000000e+01   4.6200000000000003e+01   0.0000000000000000e+00 #xyz tv2
           3.9360918669999997e+01   4.6457121180000001e+01   0.0000000000000000e+00 -1 406 #xyz tv3 fid bid
           4.0000000000000000e+01   4.6329999999999998e+01  -1.1206896551723883e-01 #xyz tv0
           4.0029795934150087e+01   4.6716310762774938e+01  -5.1029685422298676e-01 #xyz tv1
           4.0000000000000000e+01   4.6329999999999998e+01   0.0000000000000000e+00 #xyz tv2
           3.9360918669999997e+01   4.6457121180000001e+01   0.0000000000000000e+00 -1 406 #xyz tv3 fid bid
           4.0000000000000000e+01   4.6329999999999998e+01  -1.1206896551723883e-01 #xyz tv0
           4.0000000000000000e+01   4.6329999999999998e+01   0.0000000000000000e+00 #xyz tv1
           3.9360918669999997e+01   4.6457121180000001e+01   0.0000000000000000e+00 398 -1 #xyz tv2 fid bid
           4.0000000000000000e+01   4.6329999999999998e+01  -1.1206896551723883e-01 #xyz tv0
           4.0639081330000010e+01   4.6457121180000001e+01   0.0000000000000000e+00 #xyz tv1
           4.0000000000000000e+01   4.6329999999999998e+01   0.0000000000000000e+00 398 -1 #xyz tv2 fid bid
           4.0000000000000000e+01   4.6329999999999998e+01  -1.1206896551723883e-01 #xyz ev0
           4.0000000000000000e+01   4.6329999999999998e+01   0.0000000000000000e+00 -1 406 #xyz ev1 fid bid
   0   0.000000000000e+00   0.000000000000e+00   0.000000000000e+00 #flag location
END_ERR 
G3dErrFileVersion 2025R1
FlagFileMetaData Begin
   Mesh Size - Setup1, Refinement, Pass #6, Freq. 5.300000e+09 :Title    
   Listing of mesh elements with poor quality. :ToolTip  
   hf3d :Author   
   1776702607 :TimeStamp
   mm :UnitName 
   1.0000000000000000e-03 :UnitConv
FlagFileMetaData End
BEGIN_ERR 
26 Small mesh segment detected on body : Feed_patch
 Small mesh segment detected on body : Feed_patch 
 Segment Statistics - Number of Segments : 1 --- Segment length(s) : 0.078125mm. The cutoff frequency for S-Matrix Only Solve is 2.49827048333333MHz 
2 -1  421  # nfids, fids[]
2 420  -1  # nbids, bids[]
      4 2 1 0 #ntets ntri ned npts
           4.0353553390000002e+01   4.7646446609999998e+01   7.8125000000004718e-02 #xyz tv0
           4.0191341719999997e+01   4.7538060229999999e+01   0.0000000000000000e+00 #xyz tv1
           4.0353553390000002e+01   4.7646446609999998e+01   0.0000000000000000e+00 #xyz tv2
           4.0500000000000000e+01   4.8000000000000000e+01   0.0000000000000000e+00 -1 420 #xyz tv3 fid bid
           4.0191341719999997e+01   4.7538060229999999e+01   0.0000000000000000e+00 #xyz tv0
           4.0781491818445716e+01   4.7334325362217520e+01   0.0000000000000000e+00 #xyz tv1
           4.0353553390000002e+01   4.7646446609999998e+01   7.8125000000004718e-02 #xyz tv2
           4.0353553390000002e+01   4.7646446609999998e+01   0.0000000000000000e+00 -1 420 #xyz tv3 fid bid
           4.0500000000000000e+01   4.8000000000000000e+01   0.0000000000000000e+00 #xyz tv0
           4.0353553390000002e+01   4.7646446609999998e+01   7.8125000000004718e-02 #xyz tv1
           4.0461939770000001e+01   4.7808658280000003e+01   0.0000000000000000e+00 #xyz tv2
           4.0353553390000002e+01   4.7646446609999998e+01   0.0000000000000000e+00 -1 420 #xyz tv3 fid bid
           4.0781491818445716e+01   4.7334325362217520e+01   0.0000000000000000e+00 #xyz tv0
           4.0353553390000002e+01   4.7646446609999998e+01   7.8125000000004718e-02 #xyz tv1
           4.0353553390000002e+01   4.7646446609999998e+01   0.0000000000000000e+00 #xyz tv2
           4.0461939770000001e+01   4.7808658280000003e+01   0.0000000000000000e+00 -1 420 #xyz tv3 fid bid
           4.0353553390000002e+01   4.7646446609999998e+01   7.8125000000004718e-02 #xyz tv0
           4.0353553390000002e+01   4.7646446609999998e+01   0.0000000000000000e+00 #xyz tv1
           4.0191341719999997e+01   4.7538060229999999e+01   0.0000000000000000e+00 421 -1 #xyz tv2 fid bid
           4.0353553390000002e+01   4.7646446609999998e+01   7.8125000000004718e-02 #xyz tv0
           4.0461939770000001e+01   4.7808658280000003e+01   0.0000000000000000e+00 #xyz tv1
           4.0353553390000002e+01   4.7646446609999998e+01   0.0000000000000000e+00 421 -1 #xyz tv2 fid bid
           4.0353553390000002e+01   4.7646446609999998e+01   7.8125000000004718e-02 #xyz ev0
           4.0353553390000002e+01   4.7646446609999998e+01   0.0000000000000000e+00 -1 420 #xyz ev1 fid bid
   0   0.000000000000e+00   0.000000000000e+00   0.000000000000e+00 #flag location
END_ERR 
BEGIN_ERR 
26 Small mesh segment detected on body : Feed_ext1
 Small mesh segment detected on body : Feed_ext1 
 Segment Statistics - Number of Segments : 1 --- Segment length(s) : 0.112069mm. The cutoff frequency for S-Matrix Only Solve is 2.49827048333333MHz 
2 -1  398  # nfids, fids[]
2 406  -1  # nbids, bids[]
      4 2 1 0 #ntets ntri ned npts
           4.0000000000000000e+01   4.6329999999999998e+01  -1.1206896551723883e-01 #xyz tv0
           4.0000000000000000e+01   4.6200000000000003e+01   0.0000000000000000e+00 #xyz tv1
           4.0000000000000000e+01   4.6329999999999998e+01   0.0000000000000000e+00 #xyz tv2
           4.0639081330000010e+01   4.6457121180000001e+01   0.0000000000000000e+00 -1 406 #xyz tv3 fid bid
           4.0000000000000000e+01   4.6329999999999998e+01  -1.1206896551723883e-01 #xyz tv0
           4.0000000000000000e+01   4.6329999999999998e+01   0.0000000000000000e+00 #xyz tv1
           4.0029795934150087e+01   4.6716310762774938e+01  -5.1029685422298676e-01 #xyz tv2
           4.0639081330000010e+01   4.6457121180000001e+01   0.0000000000000000e+00 -1 406 #xyz tv3 fid bid
           4.0000000000000000e+01   4.6329999999999998e+01  -1.1206896551723883e-01 #xyz tv0
           4.0000000000000000e+01   4.6329999999999998e+01   0.0000000000000000e+00 #xyz tv1
           4.0000000000000000e+01   4.6200000000000003e+01   0.0000000000000000e+00 #xyz tv2
           3.9360918669999997e+01   4.6457121180000001e+01   0.0000000000000000e+00 -1 406 #xyz tv3 fid bid
           4.0000000000000000e+01   4.6329999999999998e+01  -1.1206896551723883e-01 #xyz tv0
           4.0029795934150087e+01   4.6716310762774938e+01  -5.1029685422298676e-01 #xyz tv1
           4.0000000000000000e+01   4.6329999999999998e+01   0.0000000000000000e+00 #xyz tv2
           3.9360918669999997e+01   4.6457121180000001e+01   0.0000000000000000e+00 -1 406 #xyz tv3 fid bid
           4.0000000000000000e+01   4.6329999999999998e+01  -1.1206896551723883e-01 #xyz tv0
           4.0000000000000000e+01   4.6329999999999998e+01   0.0000000000000000e+00 #xyz tv1
           3.9360918669999997e+01   4.6457121180000001e+01   0.0000000000000000e+00 398 -1 #xyz tv2 fid bid
           4.0000000000000000e+01   4.6329999999999998e+01  -1.1206896551723883e-01 #xyz tv0
           4.0639081330000010e+01   4.6457121180000001e+01   0.0000000000000000e+00 #xyz tv1
           4.0000000000000000e+01   4.6329999999999998e+01   0.0000000000000000e+00 398 -1 #xyz tv2 fid bid
           4.0000000000000000e+01   4.6329999999999998e+01  -1.1206896551723883e-01 #xyz ev0
           4.0000000000000000e+01   4.6329999999999998e+01   0.0000000000000000e+00 -1 406 #xyz ev1 fid bid
   0   0.000000000000e+00   0.000000000000e+00   0.000000000000e+00 #flag location
END_ERR 
G3dErrFileVersion 2025R1
FlagFileMetaData Begin
   Mesh Size - Setup1, Refinement, Pass #7, Freq. 5.300000e+09 :Title    
   Listing of mesh elements with poor quality. :ToolTip  
   hf3d :Author   
   1776702612 :TimeStamp
   mm :UnitName 
   1.0000000000000000e-03 :UnitConv
FlagFileMetaData End
BEGIN_ERR 
26 Small mesh segment detected on body : Feed_patch
 Small mesh segment detected on body : Feed_patch 
 Segment Statistics - Number of Segments : 1 --- Segment length(s) : 0.078125mm. The cutoff frequency for S-Matrix Only Solve is 2.49827048333333MHz 
2 -1  421  # nfids, fids[]
2 420  -1  # nbids, bids[]
      4 2 1 0 #ntets ntri ned npts
           4.0353553390000002e+01   4.7646446609999998e+01   7.8125000000004718e-02 #xyz tv0
           4.0191341719999997e+01   4.7538060229999999e+01   0.0000000000000000e+00 #xyz tv1
           4.0353553390000002e+01   4.7646446609999998e+01   0.0000000000000000e+00 #xyz tv2
           4.0500000000000000e+01   4.8000000000000000e+01   0.0000000000000000e+00 -1 420 #xyz tv3 fid bid
           4.0191341719999997e+01   4.7538060229999999e+01   0.0000000000000000e+00 #xyz tv0
           4.0713018481294569e+01   4.7347957607316033e+01   0.0000000000000000e+00 #xyz tv1
           4.0353553390000002e+01   4.7646446609999998e+01   7.8125000000004718e-02 #xyz tv2
           4.0353553390000002e+01   4.7646446609999998e+01   0.0000000000000000e+00 -1 420 #xyz tv3 fid bid
           4.0500000000000000e+01   4.8000000000000000e+01   0.0000000000000000e+00 #xyz tv0
           4.0353553390000002e+01   4.7646446609999998e+01   7.8125000000004718e-02 #xyz tv1
           4.0461939770000001e+01   4.7808658280000003e+01   0.0000000000000000e+00 #xyz tv2
           4.0353553390000002e+01   4.7646446609999998e+01   0.0000000000000000e+00 -1 420 #xyz tv3 fid bid
           4.0713018481294569e+01   4.7347957607316033e+01   0.0000000000000000e+00 #xyz tv0
           4.0353553390000002e+01   4.7646446609999998e+01   7.8125000000004718e-02 #xyz tv1
           4.0353553390000002e+01   4.7646446609999998e+01   0.0000000000000000e+00 #xyz tv2
           4.0461939770000001e+01   4.7808658280000003e+01   0.0000000000000000e+00 -1 420 #xyz tv3 fid bid
           4.0353553390000002e+01   4.7646446609999998e+01   7.8125000000004718e-02 #xyz tv0
           4.0353553390000002e+01   4.7646446609999998e+01   0.0000000000000000e+00 #xyz tv1
           4.0191341719999997e+01   4.7538060229999999e+01   0.0000000000000000e+00 421 -1 #xyz tv2 fid bid
           4.0353553390000002e+01   4.7646446609999998e+01   7.8125000000004718e-02 #xyz tv0
           4.0461939770000001e+01   4.7808658280000003e+01   0.0000000000000000e+00 #xyz tv1
           4.0353553390000002e+01   4.7646446609999998e+01   0.0000000000000000e+00 421 -1 #xyz tv2 fid bid
           4.0353553390000002e+01   4.7646446609999998e+01   7.8125000000004718e-02 #xyz ev0
           4.0353553390000002e+01   4.7646446609999998e+01   0.0000000000000000e+00 -1 420 #xyz ev1 fid bid
   0   0.000000000000e+00   0.000000000000e+00   0.000000000000e+00 #flag location
END_ERR 
BEGIN_ERR 
26 Small mesh segment detected on body : Feed_ext1
 Small mesh segment detected on body : Feed_ext1 
 Segment Statistics - Number of Segments : 1 --- Segment length(s) : 0.112069mm. The cutoff frequency for S-Matrix Only Solve is 2.49827048333333MHz 
2 -1  398  # nfids, fids[]
2 406  -1  # nbids, bids[]
      4 2 1 0 #ntets ntri ned npts
           4.0000000000000000e+01   4.6329999999999998e+01  -1.1206896551723883e-01 #xyz tv0
           4.0000000000000000e+01   4.6200000000000003e+01   0.0000000000000000e+00 #xyz tv1
           4.0000000000000000e+01   4.6329999999999998e+01   0.0000000000000000e+00 #xyz tv2
           4.0639081330000010e+01   4.6457121180000001e+01   0.0000000000000000e+00 -1 406 #xyz tv3 fid bid
           4.0000000000000000e+01   4.6329999999999998e+01  -1.1206896551723883e-01 #xyz tv0
           4.0000000000000000e+01   4.6329999999999998e+01   0.0000000000000000e+00 #xyz tv1
           4.0029795934150087e+01   4.6716310762774938e+01  -5.1029685422298676e-01 #xyz tv2
           4.0639081330000010e+01   4.6457121180000001e+01   0.0000000000000000e+00 -1 406 #xyz tv3 fid bid
           4.0000000000000000e+01   4.6329999999999998e+01  -1.1206896551723883e-01 #xyz tv0
           4.0000000000000000e+01   4.6329999999999998e+01   0.0000000000000000e+00 #xyz tv1
           4.0000000000000000e+01   4.6200000000000003e+01   0.0000000000000000e+00 #xyz tv2
           3.9360918669999997e+01   4.6457121180000001e+01   0.0000000000000000e+00 -1 406 #xyz tv3 fid bid
           4.0000000000000000e+01   4.6329999999999998e+01  -1.1206896551723883e-01 #xyz tv0
           4.0029795934150087e+01   4.6716310762774938e+01  -5.1029685422298676e-01 #xyz tv1
           4.0000000000000000e+01   4.6329999999999998e+01   0.0000000000000000e+00 #xyz tv2
           3.9360918669999997e+01   4.6457121180000001e+01   0.0000000000000000e+00 -1 406 #xyz tv3 fid bid
           4.0000000000000000e+01   4.6329999999999998e+01  -1.1206896551723883e-01 #xyz tv0
           4.0000000000000000e+01   4.6329999999999998e+01   0.0000000000000000e+00 #xyz tv1
           3.9360918669999997e+01   4.6457121180000001e+01   0.0000000000000000e+00 398 -1 #xyz tv2 fid bid
           4.0000000000000000e+01   4.6329999999999998e+01  -1.1206896551723883e-01 #xyz tv0
           4.0639081330000010e+01   4.6457121180000001e+01   0.0000000000000000e+00 #xyz tv1
           4.0000000000000000e+01   4.6329999999999998e+01   0.0000000000000000e+00 398 -1 #xyz tv2 fid bid
           4.0000000000000000e+01   4.6329999999999998e+01  -1.1206896551723883e-01 #xyz ev0
           4.0000000000000000e+01   4.6329999999999998e+01   0.0000000000000000e+00 -1 406 #xyz ev1 fid bid
   0   0.000000000000e+00   0.000000000000e+00   0.000000000000e+00 #flag location
END_ERR 
