G3dErrFileVersion 2025R1
FlagFileMetaData Begin
   Mesh Size - Setup1, Refinement, Pass #1, Freq. 5.300000e+09 :Title    
   Listing of mesh elements with poor quality. :ToolTip  
   hf3d :Author   
   1775115161 :TimeStamp
   mm :UnitName 
   1.0000000000000000e-03 :UnitConv
FlagFileMetaData End
BEGIN_ERR 
26 Small mesh segment detected on body : Rad_box1
 Small mesh segment detected on body : Rad_box1 
 Segment Statistics - Number of Segments : 1 --- Segment length(s) : 0.062500mm. The cutoff frequency for S-Matrix Only Solve is 2.49827048333333MHz 
4 -1  20  16  213  # nfids, fids[]
2 175  -1  # nbids, bids[]
      5 4 1 0 #ntets ntri ned npts
           5.5000000000000000e+00   4.3750000000000000e-01   0.0000000000000000e+00 #xyz tv0
           5.4375000000000009e+00   5.0000000000000000e-01   0.0000000000000000e+00 #xyz tv1
           4.7500000000000000e+00   0.0000000000000000e+00  -1.9999999999999996e+00 #xyz tv2
           5.5000000000000000e+00   5.0000000000000000e-01   0.0000000000000000e+00 -1 175 #xyz tv3 fid bid
           5.4375000000000009e+00   5.0000000000000000e-01   0.0000000000000000e+00 #xyz tv0
           9.5280045340844843e+00   6.8796629424389142e+00   0.0000000000000000e+00 #xyz tv1
           4.7500000000000000e+00   0.0000000000000000e+00  -1.9999999999999996e+00 #xyz tv2
           5.5000000000000000e+00   5.0000000000000000e-01   0.0000000000000000e+00 -1 175 #xyz tv3 fid bid
           5.5000000000000000e+00   5.0000000000000000e-01   0.0000000000000000e+00 #xyz tv0
           5.3535533900000001e+00   3.5355338999999997e-01   5.8570329917279373e-01 #xyz tv1
           5.5000000000000000e+00   4.3750000000000000e-01   0.0000000000000000e+00 #xyz tv2
           5.4375000000000009e+00   5.0000000000000000e-01   0.0000000000000000e+00 -1 175 #xyz tv3 fid bid
           5.4375000000000009e+00   5.0000000000000000e-01   0.0000000000000000e+00 #xyz tv0
           5.1913417200000014e+00   4.6193977000000003e-01   1.4052529469804804e+00 #xyz tv1
           9.5280045340844843e+00   6.8796629424389142e+00   0.0000000000000000e+00 #xyz tv2
           5.5000000000000000e+00   5.0000000000000000e-01   0.0000000000000000e+00 -1 175 #xyz tv3 fid bid
           5.4375000000000009e+00   5.0000000000000000e-01   0.0000000000000000e+00 #xyz tv0
           5.3535533900000001e+00   3.5355338999999997e-01   5.8570329917279373e-01 #xyz tv1
           5.1913417200000014e+00   4.6193977000000003e-01   1.4052529469804804e+00 #xyz tv2
           5.5000000000000000e+00   5.0000000000000000e-01   0.0000000000000000e+00 -1 175 #xyz tv3 fid bid
           5.4375000000000009e+00   5.0000000000000000e-01   0.0000000000000000e+00 #xyz tv0
           9.5280045340844843e+00   6.8796629424389142e+00   0.0000000000000000e+00 #xyz tv1
           5.5000000000000000e+00   5.0000000000000000e-01   0.0000000000000000e+00 20 -1 #xyz tv2 fid bid
           5.4375000000000009e+00   5.0000000000000000e-01   0.0000000000000000e+00 #xyz tv0
           9.5280045340844843e+00   6.8796629424389142e+00   0.0000000000000000e+00 #xyz tv1
           5.5000000000000000e+00   5.0000000000000000e-01   0.0000000000000000e+00 16 -1 #xyz tv2 fid bid
           5.5000000000000000e+00   4.3750000000000000e-01   0.0000000000000000e+00 #xyz tv0
           5.4375000000000009e+00   5.0000000000000000e-01   0.0000000000000000e+00 #xyz tv1
           5.5000000000000000e+00   5.0000000000000000e-01   0.0000000000000000e+00 20 -1 #xyz tv2 fid bid
           5.5000000000000000e+00   4.3750000000000000e-01   0.0000000000000000e+00 #xyz tv0
           5.4375000000000009e+00   5.0000000000000000e-01   0.0000000000000000e+00 #xyz tv1
           5.5000000000000000e+00   5.0000000000000000e-01   0.0000000000000000e+00 213 -1 #xyz tv2 fid bid
           5.5000000000000000e+00   5.0000000000000000e-01   0.0000000000000000e+00 #xyz ev0
           5.4375000000000009e+00   5.0000000000000000e-01   0.0000000000000000e+00 -1 175 #xyz ev1 fid bid
   0   0.000000000000e+00   0.000000000000e+00   0.000000000000e+00 #flag location
END_ERR 
G3dErrFileVersion 2025R1
FlagFileMetaData Begin
   Mesh Size - Setup1, Refinement, Pass #2, Freq. 5.300000e+09 :Title    
   Listing of mesh elements with poor quality. :ToolTip  
   hf3d :Author   
   1775115164 :TimeStamp
   mm :UnitName 
   1.0000000000000000e-03 :UnitConv
FlagFileMetaData End
BEGIN_ERR 
26 Small mesh segment detected on body : Rad_box1
 Small mesh segment detected on body : Rad_box1 
 Segment Statistics - Number of Segments : 1 --- Segment length(s) : 0.060005mm. The cutoff frequency for S-Matrix Only Solve is 2.49827048333333MHz 
3 -1  20  213  # nfids, fids[]
2 175  -1  # nbids, bids[]
      5 4 1 0 #ntets ntri ned npts
           5.3535533900000001e+00   3.5355338999999997e-01   0.0000000000000000e+00 #xyz tv0
           5.1823766695118403e+00   4.0753296356950852e-01  -3.8988081008187286e-01 #xyz tv1
           5.2377319335937500e+00   5.0000000000000000e-01   0.0000000000000000e+00 #xyz tv2
           5.1913417200000014e+00   4.6193977000000003e-01   0.0000000000000000e+00 -1 175 #xyz tv3 fid bid
           5.2377319335937500e+00   5.0000000000000000e-01   0.0000000000000000e+00 #xyz tv0
           5.1823766695118403e+00   4.0753296356950852e-01  -3.8988081008187286e-01 #xyz tv1
           5.1250000000000000e+00   5.0000000000000000e-01   0.0000000000000000e+00 #xyz tv2
           5.1913417200000014e+00   4.6193977000000003e-01   0.0000000000000000e+00 -1 175 #xyz tv3 fid bid
           5.3535533900000001e+00   3.5355338999999997e-01   0.0000000000000000e+00 #xyz tv0
           5.2377319335937500e+00   5.0000000000000000e-01   0.0000000000000000e+00 #xyz tv1
           5.3535533900000001e+00   3.5355338999999997e-01   2.9285164958639687e-01 #xyz tv2
           5.1913417200000014e+00   4.6193977000000003e-01   0.0000000000000000e+00 -1 175 #xyz tv3 fid bid
           5.1913417200000014e+00   4.6193977000000003e-01   3.5131323674512011e-01 #xyz tv0
           5.2377319335937500e+00   5.0000000000000000e-01   0.0000000000000000e+00 #xyz tv1
           5.1250000000000000e+00   5.0000000000000000e-01   0.0000000000000000e+00 #xyz tv2
           5.1913417200000014e+00   4.6193977000000003e-01   0.0000000000000000e+00 -1 175 #xyz tv3 fid bid
           5.2377319335937500e+00   5.0000000000000000e-01   0.0000000000000000e+00 #xyz tv0
           5.1913417200000014e+00   4.6193977000000003e-01   3.5131323674512011e-01 #xyz tv1
           5.3535533900000001e+00   3.5355338999999997e-01   2.9285164958639687e-01 #xyz tv2
           5.1913417200000014e+00   4.6193977000000003e-01   0.0000000000000000e+00 -1 175 #xyz tv3 fid bid
           5.2377319335937500e+00   5.0000000000000000e-01   0.0000000000000000e+00 #xyz tv0
           5.3535533900000001e+00   3.5355338999999997e-01   0.0000000000000000e+00 #xyz tv1
           5.1913417200000014e+00   4.6193977000000003e-01   0.0000000000000000e+00 20 -1 #xyz tv2 fid bid
           5.2377319335937500e+00   5.0000000000000000e-01   0.0000000000000000e+00 #xyz tv0
           5.3535533900000001e+00   3.5355338999999997e-01   0.0000000000000000e+00 #xyz tv1
           5.1913417200000014e+00   4.6193977000000003e-01   0.0000000000000000e+00 213 -1 #xyz tv2 fid bid
           5.1250000000000000e+00   5.0000000000000000e-01   0.0000000000000000e+00 #xyz tv0
           5.2377319335937500e+00   5.0000000000000000e-01   0.0000000000000000e+00 #xyz tv1
           5.1913417200000014e+00   4.6193977000000003e-01   0.0000000000000000e+00 20 -1 #xyz tv2 fid bid
           5.1250000000000000e+00   5.0000000000000000e-01   0.0000000000000000e+00 #xyz tv0
           5.2377319335937500e+00   5.0000000000000000e-01   0.0000000000000000e+00 #xyz tv1
           5.1913417200000014e+00   4.6193977000000003e-01   0.0000000000000000e+00 213 -1 #xyz tv2 fid bid
           5.1913417200000014e+00   4.6193977000000003e-01   0.0000000000000000e+00 #xyz ev0
           5.2377319335937500e+00   5.0000000000000000e-01   0.0000000000000000e+00 -1 175 #xyz ev1 fid bid
   0   0.000000000000e+00   0.000000000000e+00   0.000000000000e+00 #flag location
END_ERR 
G3dErrFileVersion 2025R1
FlagFileMetaData Begin
   Mesh Size - Setup1, Refinement, Pass #3, Freq. 5.300000e+09 :Title    
   Listing of mesh elements with poor quality. :ToolTip  
   hf3d :Author   
   1775115166 :TimeStamp
   mm :UnitName 
   1.0000000000000000e-03 :UnitConv
FlagFileMetaData End
BEGIN_ERR 
26 Small mesh segment detected on body : Feed
 Small mesh segment detected on body : Feed 
 Segment Statistics - Number of Segments : 1 --- Segment length(s) : 0.048773mm. The cutoff frequency for S-Matrix Only Solve is 2.49827048333333MHz 
2 -1  83  # nfids, fids[]
2 82  -1  # nbids, bids[]
      5 2 1 0 #ntets ntri ned npts
           5.4619397699999999e+00   1.9134171999999999e-01   1.7935340880390016e-01 #xyz tv0
           5.4348431750000001e+00   2.3189463749999997e-01   1.7935340880390016e-01 #xyz tv1
           5.0000000000000018e+00   0.0000000000000000e+00   0.0000000000000000e+00 #xyz tv2
           5.4619397699999999e+00   1.9134171999999999e-01   0.0000000000000000e+00 -1 82 #xyz tv3 fid bid
           5.4619397699999999e+00   1.9134171999999999e-01   1.7935340880390016e-01 #xyz tv0
           5.0000000000000018e+00   0.0000000000000000e+00   0.0000000000000000e+00 #xyz tv1
           5.4348431750000001e+00   2.3189463749999997e-01   1.7935340880390016e-01 #xyz tv2
           5.4619397699999999e+00   1.9134171999999999e-01   3.5870681760780032e-01 -1 82 #xyz tv3 fid bid
           5.5000000000000000e+00   2.3475646972656250e-01   0.0000000000000000e+00 #xyz tv0
           5.4348431750000001e+00   2.3189463749999997e-01   1.7935340880390016e-01 #xyz tv1
           5.4619397699999999e+00   1.9134171999999999e-01   1.7935340880390016e-01 #xyz tv2
           5.4619397699999999e+00   1.9134171999999999e-01   0.0000000000000000e+00 -1 82 #xyz tv3 fid bid
           5.4619397699999999e+00   1.9134171999999999e-01   1.7935340880390016e-01 #xyz tv0
           5.4348431750000001e+00   2.3189463749999997e-01   1.7935340880390016e-01 #xyz tv1
           5.6447239202291399e+00   1.9443133376680560e-01   2.0861613923605549e-01 #xyz tv2
           5.4619397699999999e+00   1.9134171999999999e-01   3.5870681760780032e-01 -1 82 #xyz tv3 fid bid
           5.5000000000000000e+00   2.3475646972656250e-01   0.0000000000000000e+00 #xyz tv0
           5.4348431750000001e+00   2.3189463749999997e-01   1.7935340880390016e-01 #xyz tv1
           5.6447239202291399e+00   1.9443133376680560e-01   2.0861613923605549e-01 #xyz tv2
           5.4619397699999999e+00   1.9134171999999999e-01   1.7935340880390016e-01 -1 82 #xyz tv3 fid bid
           5.4619397699999999e+00   1.9134171999999999e-01   1.7935340880390016e-01 #xyz tv0
           5.4619397699999999e+00   1.9134171999999999e-01   3.5870681760780032e-01 #xyz tv1
           5.4348431750000001e+00   2.3189463749999997e-01   1.7935340880390016e-01 83 -1 #xyz tv2 fid bid
           5.4619397699999999e+00   1.9134171999999999e-01   1.7935340880390016e-01 #xyz tv0
           5.4348431750000001e+00   2.3189463749999997e-01   1.7935340880390016e-01 #xyz tv1
           5.4619397699999999e+00   1.9134171999999999e-01   0.0000000000000000e+00 83 -1 #xyz tv2 fid bid
           5.4348431750000001e+00   2.3189463749999997e-01   1.7935340880390016e-01 #xyz ev0
           5.4619397699999999e+00   1.9134171999999999e-01   1.7935340880390016e-01 -1 82 #xyz ev1 fid bid
   0   0.000000000000e+00   0.000000000000e+00   0.000000000000e+00 #flag location
END_ERR 
G3dErrFileVersion 2025R1
FlagFileMetaData Begin
   Mesh Size - Setup1, Refinement, Pass #4, Freq. 5.300000e+09 :Title    
   Listing of mesh elements with poor quality. :ToolTip  
   hf3d :Author   
   1775115169 :TimeStamp
   mm :UnitName 
   1.0000000000000000e-03 :UnitConv
FlagFileMetaData End
BEGIN_ERR 
26 Small mesh segment detected on body : Substrate
 Small mesh segment detected on body : Substrate 
 Segment Statistics - Number of Segments : 1 --- Segment length(s) : 0.035115mm. The cutoff frequency for S-Matrix Only Solve is 2.49827048333333MHz 
1 -1  # nfids, fids[]
1 18  # nbids, bids[]
      5 0 1 0 #ntets ntri ned npts
           5.4077465800000004e+00   2.7244755499999995e-01   0.0000000000000000e+00 #xyz tv0
           5.4483914725000000e+00   2.1161817875000000e-01   8.9676704401950080e-02 #xyz tv1
           5.4677890614811195e+00   2.4045931959608063e-01   9.4671935524312273e-02 #xyz tv2
           5.4619397699999999e+00   1.9134171999999999e-01   0.0000000000000000e+00 -1 18 #xyz tv3 fid bid
           5.4077465800000004e+00   2.7244755499999995e-01   0.0000000000000000e+00 #xyz tv0
           5.4677890614811195e+00   2.4045931959608063e-01   9.4671935524312273e-02 #xyz tv1
           5.4483914725000000e+00   2.1161817875000000e-01   8.9676704401950080e-02 #xyz tv2
           5.3941982825000014e+00   2.9272401374999996e-01   8.9676704401950080e-02 -1 18 #xyz tv3 fid bid
           5.4483914725000000e+00   2.1161817875000000e-01   8.9676704401950080e-02 #xyz tv0
           5.4619397699999999e+00   1.9134171999999999e-01   1.7935340880390016e-01 #xyz tv1
           5.4677890614811195e+00   2.4045931959608063e-01   9.4671935524312273e-02 #xyz tv2
           5.4619397699999999e+00   1.9134171999999999e-01   0.0000000000000000e+00 -1 18 #xyz tv3 fid bid
           5.4483914725000000e+00   2.1161817875000000e-01   8.9676704401950080e-02 #xyz tv0
           5.3941982825000014e+00   2.9272401374999996e-01   8.9676704401950080e-02 #xyz tv1
           5.4677890614811195e+00   2.4045931959608063e-01   9.4671935524312273e-02 #xyz tv2
           5.4348431750000001e+00   2.3189463749999997e-01   1.7935340880390016e-01 -1 18 #xyz tv3 fid bid
           5.4483914725000000e+00   2.1161817875000000e-01   8.9676704401950080e-02 #xyz tv0
           5.4677890614811195e+00   2.4045931959608063e-01   9.4671935524312273e-02 #xyz tv1
           5.4619397699999999e+00   1.9134171999999999e-01   1.7935340880390016e-01 #xyz tv2
           5.4348431750000001e+00   2.3189463749999997e-01   1.7935340880390016e-01 -1 18 #xyz tv3 fid bid
           5.4677890614811195e+00   2.4045931959608063e-01   9.4671935524312273e-02 #xyz ev0
           5.4483914725000000e+00   2.1161817875000000e-01   8.9676704401950080e-02 -1 18 #xyz ev1 fid bid
   0   0.000000000000e+00   0.000000000000e+00   0.000000000000e+00 #flag location
END_ERR 
G3dErrFileVersion 2025R1
FlagFileMetaData Begin
   Mesh Size - Setup1, Refinement, Pass #5, Freq. 5.300000e+09 :Title    
   Listing of mesh elements with poor quality. :ToolTip  
   hf3d :Author   
   1775115171 :TimeStamp
   mm :UnitName 
   1.0000000000000000e-03 :UnitConv
FlagFileMetaData End
BEGIN_ERR 
26 Small mesh segment detected on body : Substrate
 Small mesh segment detected on body : Substrate 
 Segment Statistics - Number of Segments : 1 --- Segment length(s) : 0.020847mm. The cutoff frequency for S-Matrix Only Solve is 2.49827048333333MHz 
1 -1  # nfids, fids[]
1 18  # nbids, bids[]
      4 0 1 0 #ntets ntri ned npts
           5.4280690262500002e+00   2.4203286687499997e-01   4.4838352200975040e-02 #xyz tv0
           5.4619397699999999e+00   1.9134171999999999e-01   0.0000000000000000e+00 #xyz tv1
           5.4402587944724026e+00   2.5891607246122633e-01   4.3864071469145935e-02 #xyz tv2
           5.4077465800000013e+00   2.7244755499999995e-01   0.0000000000000000e+00 -1 18 #xyz tv3 fid bid
           5.4280690262500002e+00   2.4203286687499997e-01   4.4838352200975040e-02 #xyz tv0
           5.4402587944724026e+00   2.5891607246122633e-01   4.3864071469145935e-02 #xyz tv1
           5.4619397699999999e+00   1.9134171999999999e-01   0.0000000000000000e+00 #xyz tv2
           5.4483914725000000e+00   2.1161817875000000e-01   8.9676704401950080e-02 -1 18 #xyz tv3 fid bid
           5.4280690262500002e+00   2.4203286687499997e-01   4.4838352200975040e-02 #xyz tv0
           5.4402587944724026e+00   2.5891607246122633e-01   4.3864071469145935e-02 #xyz tv1
           5.3941982825000023e+00   2.9272401374999996e-01   8.9676704401950080e-02 #xyz tv2
           5.4077465800000013e+00   2.7244755499999995e-01   0.0000000000000000e+00 -1 18 #xyz tv3 fid bid
           5.4280690262500002e+00   2.4203286687499997e-01   4.4838352200975040e-02 #xyz tv0
           5.3941982825000023e+00   2.9272401374999996e-01   8.9676704401950080e-02 #xyz tv1
           5.4402587944724026e+00   2.5891607246122633e-01   4.3864071469145935e-02 #xyz tv2
           5.4483914725000000e+00   2.1161817875000000e-01   8.9676704401950080e-02 -1 18 #xyz tv3 fid bid
           5.4402587944724026e+00   2.5891607246122633e-01   4.3864071469145935e-02 #xyz ev0
           5.4280690262500002e+00   2.4203286687499997e-01   4.4838352200975040e-02 -1 18 #xyz ev1 fid bid
   0   0.000000000000e+00   0.000000000000e+00   0.000000000000e+00 #flag location
END_ERR 
