G3dErrFileVersion 2025R1
FlagFileMetaData Begin
   Mesh Size - Setup1, Refinement, Pass #1, Freq. 2.400000e+09 :Title    
   Listing of mesh elements with poor quality. :ToolTip  
   hf3d :Author   
   1775646435 :TimeStamp
   mm :UnitName 
   1.0000000000000000e-03 :UnitConv
FlagFileMetaData End
BEGIN_ERR 
26 Small mesh segment detected on body : rad
 Small mesh segment detected on body : rad 
 Segment Statistics - Number of Segments : 1 --- Segment length(s) : 0.400000mm. The cutoff frequency for S-Matrix Only Solve is 3.747405725MHz 
3 -1  24  149  # nfids, fids[]
2 151  -1  # nbids, bids[]
      4 4 1 0 #ntets ntri ned npts
           3.0000000000000000e+01   7.5000000000000000e-01   1.6000000000000001e+00 #xyz tv0
           3.0000000000000000e+01   7.5000000000000000e-01   1.2000000000000002e+00 #xyz tv1
           3.4156847938658700e+01  -2.1774514987144942e+00   1.4188407937685652e+00 #xyz tv2
           3.0000000000000000e+01   1.5000000000000000e+00   1.6000000000000001e+00 -1 151 #xyz tv3 fid bid
           3.0000000000000000e+01   7.5000000000000000e-01   1.6000000000000001e+00 #xyz tv0
           3.4156847938658700e+01  -2.1774514987144942e+00   1.4188407937685652e+00 #xyz tv1
           3.0000000000000000e+01   7.5000000000000000e-01   1.2000000000000002e+00 #xyz tv2
           3.0000000000000000e+01   0.0000000000000000e+00   1.6000000000000001e+00 -1 151 #xyz tv3 fid bid
           3.0000000000000000e+01   1.5000000000000000e+00   1.6000000000000001e+00 #xyz tv0
           3.0000000000000000e+01   7.5000000000000000e-01   1.2000000000000002e+00 #xyz tv1
           2.3800000000000001e+01  -3.7500000000000000e-01   1.6000000000000001e+00 #xyz tv2
           3.0000000000000000e+01   7.5000000000000000e-01   1.6000000000000001e+00 -1 151 #xyz tv3 fid bid
           2.3800000000000001e+01  -3.7500000000000000e-01   1.6000000000000001e+00 #xyz tv0
           3.0000000000000000e+01   7.5000000000000000e-01   1.6000000000000001e+00 #xyz tv1
           3.0000000000000000e+01   7.5000000000000000e-01   1.2000000000000002e+00 #xyz tv2
           3.0000000000000000e+01   0.0000000000000000e+00   1.6000000000000001e+00 -1 151 #xyz tv3 fid bid
           3.0000000000000000e+01   7.5000000000000000e-01   1.6000000000000001e+00 #xyz tv0
           3.0000000000000000e+01   0.0000000000000000e+00   1.6000000000000001e+00 #xyz tv1
           3.0000000000000000e+01   7.5000000000000000e-01   1.2000000000000002e+00 24 -1 #xyz tv2 fid bid
           3.0000000000000000e+01   7.5000000000000000e-01   1.6000000000000001e+00 #xyz tv0
           3.0000000000000000e+01   0.0000000000000000e+00   1.6000000000000001e+00 #xyz tv1
           3.0000000000000000e+01   7.5000000000000000e-01   1.2000000000000002e+00 149 -1 #xyz tv2 fid bid
           3.0000000000000000e+01   7.5000000000000000e-01   1.6000000000000001e+00 #xyz tv0
           3.0000000000000000e+01   7.5000000000000000e-01   1.2000000000000002e+00 #xyz tv1
           3.0000000000000000e+01   1.5000000000000000e+00   1.6000000000000001e+00 24 -1 #xyz tv2 fid bid
           3.0000000000000000e+01   7.5000000000000000e-01   1.6000000000000001e+00 #xyz tv0
           3.0000000000000000e+01   7.5000000000000000e-01   1.2000000000000002e+00 #xyz tv1
           3.0000000000000000e+01   1.5000000000000000e+00   1.6000000000000001e+00 149 -1 #xyz tv2 fid bid
           3.0000000000000000e+01   7.5000000000000000e-01   1.2000000000000002e+00 #xyz ev0
           3.0000000000000000e+01   7.5000000000000000e-01   1.6000000000000001e+00 -1 151 #xyz ev1 fid bid
   0   0.000000000000e+00   0.000000000000e+00   0.000000000000e+00 #flag location
END_ERR 
G3dErrFileVersion 2025R1
FlagFileMetaData Begin
   Mesh Size - Setup1, Refinement, Pass #2, Freq. 2.400000e+09 :Title    
   Listing of mesh elements with poor quality. :ToolTip  
   hf3d :Author   
   1775646438 :TimeStamp
   mm :UnitName 
   1.0000000000000000e-03 :UnitConv
FlagFileMetaData End
BEGIN_ERR 
26 Small mesh segment detected on body : rad
 Small mesh segment detected on body : rad 
 Segment Statistics - Number of Segments : 1 --- Segment length(s) : 0.400000mm. The cutoff frequency for S-Matrix Only Solve is 3.747405725MHz 
3 -1  24  149  # nfids, fids[]
2 151  -1  # nbids, bids[]
      4 4 1 0 #ntets ntri ned npts
           3.0000000000000000e+01   7.5000000000000000e-01   1.6000000000000001e+00 #xyz tv0
           3.0000000000000000e+01   7.5000000000000000e-01   1.2000000000000002e+00 #xyz tv1
           3.4156847938658700e+01  -2.1774514987144942e+00   1.4188407937685652e+00 #xyz tv2
           3.0000000000000000e+01   1.5000000000000000e+00   1.6000000000000001e+00 -1 151 #xyz tv3 fid bid
           3.0000000000000000e+01   7.5000000000000000e-01   1.6000000000000001e+00 #xyz tv0
           3.4156847938658700e+01  -2.1774514987144942e+00   1.4188407937685652e+00 #xyz tv1
           3.0000000000000000e+01   7.5000000000000000e-01   1.2000000000000002e+00 #xyz tv2
           3.0000000000000000e+01   0.0000000000000000e+00   1.6000000000000001e+00 -1 151 #xyz tv3 fid bid
           3.0000000000000000e+01   1.5000000000000000e+00   1.6000000000000001e+00 #xyz tv0
           3.0000000000000000e+01   7.5000000000000000e-01   1.2000000000000002e+00 #xyz tv1
           2.4541847222222227e+01  -1.9658854166666670e-01   1.6000000000000001e+00 #xyz tv2
           3.0000000000000000e+01   7.5000000000000000e-01   1.6000000000000001e+00 -1 151 #xyz tv3 fid bid
           2.4541847222222227e+01  -1.9658854166666670e-01   1.6000000000000001e+00 #xyz tv0
           3.0000000000000000e+01   7.5000000000000000e-01   1.6000000000000001e+00 #xyz tv1
           3.0000000000000000e+01   7.5000000000000000e-01   1.2000000000000002e+00 #xyz tv2
           3.0000000000000000e+01   0.0000000000000000e+00   1.6000000000000001e+00 -1 151 #xyz tv3 fid bid
           3.0000000000000000e+01   7.5000000000000000e-01   1.6000000000000001e+00 #xyz tv0
           3.0000000000000000e+01   0.0000000000000000e+00   1.6000000000000001e+00 #xyz tv1
           3.0000000000000000e+01   7.5000000000000000e-01   1.2000000000000002e+00 24 -1 #xyz tv2 fid bid
           3.0000000000000000e+01   7.5000000000000000e-01   1.6000000000000001e+00 #xyz tv0
           3.0000000000000000e+01   0.0000000000000000e+00   1.6000000000000001e+00 #xyz tv1
           3.0000000000000000e+01   7.5000000000000000e-01   1.2000000000000002e+00 149 -1 #xyz tv2 fid bid
           3.0000000000000000e+01   7.5000000000000000e-01   1.6000000000000001e+00 #xyz tv0
           3.0000000000000000e+01   7.5000000000000000e-01   1.2000000000000002e+00 #xyz tv1
           3.0000000000000000e+01   1.5000000000000000e+00   1.6000000000000001e+00 24 -1 #xyz tv2 fid bid
           3.0000000000000000e+01   7.5000000000000000e-01   1.6000000000000001e+00 #xyz tv0
           3.0000000000000000e+01   7.5000000000000000e-01   1.2000000000000002e+00 #xyz tv1
           3.0000000000000000e+01   1.5000000000000000e+00   1.6000000000000001e+00 149 -1 #xyz tv2 fid bid
           3.0000000000000000e+01   7.5000000000000000e-01   1.2000000000000002e+00 #xyz ev0
           3.0000000000000000e+01   7.5000000000000000e-01   1.6000000000000001e+00 -1 151 #xyz ev1 fid bid
   0   0.000000000000e+00   0.000000000000e+00   0.000000000000e+00 #flag location
END_ERR 
G3dErrFileVersion 2025R1
FlagFileMetaData Begin
   Mesh Size - Setup1, Refinement, Pass #3, Freq. 2.400000e+09 :Title    
   Listing of mesh elements with poor quality. :ToolTip  
   hf3d :Author   
   1775646441 :TimeStamp
   mm :UnitName 
   1.0000000000000000e-03 :UnitConv
FlagFileMetaData End
BEGIN_ERR 
26 Small mesh segment detected on body : rad
 Small mesh segment detected on body : rad 
 Segment Statistics - Number of Segments : 1 --- Segment length(s) : 0.400000mm. The cutoff frequency for S-Matrix Only Solve is 3.747405725MHz 
3 -1  24  149  # nfids, fids[]
2 151  -1  # nbids, bids[]
      4 4 1 0 #ntets ntri ned npts
           3.0000000000000000e+01   7.5000000000000000e-01   1.6000000000000001e+00 #xyz tv0
           3.0000000000000000e+01   7.5000000000000000e-01   1.2000000000000002e+00 #xyz tv1
           3.4156847938658700e+01  -2.1774514987144942e+00   1.4188407937685652e+00 #xyz tv2
           3.0000000000000000e+01   1.5000000000000000e+00   1.6000000000000001e+00 -1 151 #xyz tv3 fid bid
           3.0000000000000000e+01   7.5000000000000000e-01   1.6000000000000001e+00 #xyz tv0
           3.4156847938658700e+01  -2.1774514987144942e+00   1.4188407937685652e+00 #xyz tv1
           3.0000000000000000e+01   7.5000000000000000e-01   1.2000000000000002e+00 #xyz tv2
           3.0000000000000000e+01   0.0000000000000000e+00   1.6000000000000001e+00 -1 151 #xyz tv3 fid bid
           3.0000000000000000e+01   1.5000000000000000e+00   1.6000000000000001e+00 #xyz tv0
           3.0000000000000000e+01   7.5000000000000000e-01   1.2000000000000002e+00 #xyz tv1
           2.5812278463648830e+01   1.1163065843621399e-01   1.6000000000000001e+00 #xyz tv2
           3.0000000000000000e+01   7.5000000000000000e-01   1.6000000000000001e+00 -1 151 #xyz tv3 fid bid
           2.5812278463648830e+01   1.1163065843621399e-01   1.6000000000000001e+00 #xyz tv0
           3.0000000000000000e+01   7.5000000000000000e-01   1.6000000000000001e+00 #xyz tv1
           3.0000000000000000e+01   7.5000000000000000e-01   1.2000000000000002e+00 #xyz tv2
           3.0000000000000000e+01   0.0000000000000000e+00   1.6000000000000001e+00 -1 151 #xyz tv3 fid bid
           3.0000000000000000e+01   7.5000000000000000e-01   1.6000000000000001e+00 #xyz tv0
           3.0000000000000000e+01   0.0000000000000000e+00   1.6000000000000001e+00 #xyz tv1
           3.0000000000000000e+01   7.5000000000000000e-01   1.2000000000000002e+00 24 -1 #xyz tv2 fid bid
           3.0000000000000000e+01   7.5000000000000000e-01   1.6000000000000001e+00 #xyz tv0
           3.0000000000000000e+01   0.0000000000000000e+00   1.6000000000000001e+00 #xyz tv1
           3.0000000000000000e+01   7.5000000000000000e-01   1.2000000000000002e+00 149 -1 #xyz tv2 fid bid
           3.0000000000000000e+01   7.5000000000000000e-01   1.6000000000000001e+00 #xyz tv0
           3.0000000000000000e+01   7.5000000000000000e-01   1.2000000000000002e+00 #xyz tv1
           3.0000000000000000e+01   1.5000000000000000e+00   1.6000000000000001e+00 24 -1 #xyz tv2 fid bid
           3.0000000000000000e+01   7.5000000000000000e-01   1.6000000000000001e+00 #xyz tv0
           3.0000000000000000e+01   7.5000000000000000e-01   1.2000000000000002e+00 #xyz tv1
           3.0000000000000000e+01   1.5000000000000000e+00   1.6000000000000001e+00 149 -1 #xyz tv2 fid bid
           3.0000000000000000e+01   7.5000000000000000e-01   1.2000000000000002e+00 #xyz ev0
           3.0000000000000000e+01   7.5000000000000000e-01   1.6000000000000001e+00 -1 151 #xyz ev1 fid bid
   0   0.000000000000e+00   0.000000000000e+00   0.000000000000e+00 #flag location
END_ERR 
G3dErrFileVersion 2025R1
FlagFileMetaData Begin
   Mesh Size - Setup1, Refinement, Pass #4, Freq. 2.400000e+09 :Title    
   Listing of mesh elements with poor quality. :ToolTip  
   hf3d :Author   
   1775646444 :TimeStamp
   mm :UnitName 
   1.0000000000000000e-03 :UnitConv
FlagFileMetaData End
BEGIN_ERR 
26 Small mesh segment detected on body : rad
 Small mesh segment detected on body : rad 
 Segment Statistics - Number of Segments : 1 --- Segment length(s) : 0.400000mm. The cutoff frequency for S-Matrix Only Solve is 3.747405725MHz 
3 -1  24  149  # nfids, fids[]
2 151  -1  # nbids, bids[]
      4 4 1 0 #ntets ntri ned npts
           3.0000000000000000e+01   7.5000000000000000e-01   1.6000000000000001e+00 #xyz tv0
           3.0000000000000000e+01   7.5000000000000000e-01   1.2000000000000002e+00 #xyz tv1
           3.4156847938658700e+01  -2.1774514987144942e+00   1.4188407937685652e+00 #xyz tv2
           3.0000000000000000e+01   1.5000000000000000e+00   1.6000000000000001e+00 -1 151 #xyz tv3 fid bid
           3.0000000000000000e+01   7.5000000000000000e-01   1.6000000000000001e+00 #xyz tv0
           3.4156847938658700e+01  -2.1774514987144942e+00   1.4188407937685652e+00 #xyz tv1
           3.0000000000000000e+01   7.5000000000000000e-01   1.2000000000000002e+00 #xyz tv2
           3.0000000000000000e+01   0.0000000000000000e+00   1.6000000000000001e+00 -1 151 #xyz tv3 fid bid
           3.0000000000000000e+01   1.5000000000000000e+00   1.6000000000000001e+00 #xyz tv0
           3.0000000000000000e+01   7.5000000000000000e-01   1.2000000000000002e+00 #xyz tv1
           2.7180741318650611e+01   2.2580878010211861e-01   1.6000000000000001e+00 #xyz tv2
           3.0000000000000000e+01   7.5000000000000000e-01   1.6000000000000001e+00 -1 151 #xyz tv3 fid bid
           2.7180741318650611e+01   2.2580878010211861e-01   1.6000000000000001e+00 #xyz tv0
           3.0000000000000000e+01   7.5000000000000000e-01   1.6000000000000001e+00 #xyz tv1
           3.0000000000000000e+01   7.5000000000000000e-01   1.2000000000000002e+00 #xyz tv2
           3.0000000000000000e+01   0.0000000000000000e+00   1.6000000000000001e+00 -1 151 #xyz tv3 fid bid
           3.0000000000000000e+01   7.5000000000000000e-01   1.6000000000000001e+00 #xyz tv0
           3.0000000000000000e+01   0.0000000000000000e+00   1.6000000000000001e+00 #xyz tv1
           3.0000000000000000e+01   7.5000000000000000e-01   1.2000000000000002e+00 24 -1 #xyz tv2 fid bid
           3.0000000000000000e+01   7.5000000000000000e-01   1.6000000000000001e+00 #xyz tv0
           3.0000000000000000e+01   0.0000000000000000e+00   1.6000000000000001e+00 #xyz tv1
           3.0000000000000000e+01   7.5000000000000000e-01   1.2000000000000002e+00 149 -1 #xyz tv2 fid bid
           3.0000000000000000e+01   7.5000000000000000e-01   1.6000000000000001e+00 #xyz tv0
           3.0000000000000000e+01   7.5000000000000000e-01   1.2000000000000002e+00 #xyz tv1
           3.0000000000000000e+01   1.5000000000000000e+00   1.6000000000000001e+00 24 -1 #xyz tv2 fid bid
           3.0000000000000000e+01   7.5000000000000000e-01   1.6000000000000001e+00 #xyz tv0
           3.0000000000000000e+01   7.5000000000000000e-01   1.2000000000000002e+00 #xyz tv1
           3.0000000000000000e+01   1.5000000000000000e+00   1.6000000000000001e+00 149 -1 #xyz tv2 fid bid
           3.0000000000000000e+01   7.5000000000000000e-01   1.2000000000000002e+00 #xyz ev0
           3.0000000000000000e+01   7.5000000000000000e-01   1.6000000000000001e+00 -1 151 #xyz ev1 fid bid
   0   0.000000000000e+00   0.000000000000e+00   0.000000000000e+00 #flag location
END_ERR 
G3dErrFileVersion 2025R1
FlagFileMetaData Begin
   Mesh Size - Setup1, Refinement, Pass #5, Freq. 2.400000e+09 :Title    
   Listing of mesh elements with poor quality. :ToolTip  
   hf3d :Author   
   1775646446 :TimeStamp
   mm :UnitName 
   1.0000000000000000e-03 :UnitConv
FlagFileMetaData End
BEGIN_ERR 
26 Small mesh segment detected on body : rad
 Small mesh segment detected on body : rad 
 Segment Statistics - Number of Segments : 1 --- Segment length(s) : 0.400000mm. The cutoff frequency for S-Matrix Only Solve is 3.747405725MHz 
3 -1  24  149  # nfids, fids[]
2 151  -1  # nbids, bids[]
      4 4 1 0 #ntets ntri ned npts
           3.0000000000000000e+01   7.5000000000000000e-01   1.6000000000000001e+00 #xyz tv0
           3.0000000000000000e+01   7.5000000000000000e-01   1.2000000000000002e+00 #xyz tv1
           3.4156847938658700e+01  -2.1774514987144942e+00   1.4188407937685652e+00 #xyz tv2
           3.0000000000000000e+01   1.5000000000000000e+00   1.6000000000000001e+00 -1 151 #xyz tv3 fid bid
           3.0000000000000000e+01   7.5000000000000000e-01   1.6000000000000001e+00 #xyz tv0
           3.4156847938658700e+01  -2.1774514987144942e+00   1.4188407937685652e+00 #xyz tv1
           3.0000000000000000e+01   7.5000000000000000e-01   1.2000000000000002e+00 #xyz tv2
           3.0000000000000000e+01   0.0000000000000000e+00   1.6000000000000001e+00 -1 151 #xyz tv3 fid bid
           3.0000000000000000e+01   1.5000000000000000e+00   1.6000000000000001e+00 #xyz tv0
           3.0000000000000000e+01   7.5000000000000000e-01   1.2000000000000002e+00 #xyz tv1
           2.7957234324544551e+01   1.4447155266342851e-01   1.6000000000000001e+00 #xyz tv2
           3.0000000000000000e+01   7.5000000000000000e-01   1.6000000000000001e+00 -1 151 #xyz tv3 fid bid
           2.7957234324544551e+01   1.4447155266342851e-01   1.6000000000000001e+00 #xyz tv0
           3.0000000000000000e+01   7.5000000000000000e-01   1.6000000000000001e+00 #xyz tv1
           3.0000000000000000e+01   7.5000000000000000e-01   1.2000000000000002e+00 #xyz tv2
           3.0000000000000000e+01   0.0000000000000000e+00   1.6000000000000001e+00 -1 151 #xyz tv3 fid bid
           3.0000000000000000e+01   7.5000000000000000e-01   1.6000000000000001e+00 #xyz tv0
           3.0000000000000000e+01   0.0000000000000000e+00   1.6000000000000001e+00 #xyz tv1
           3.0000000000000000e+01   7.5000000000000000e-01   1.2000000000000002e+00 24 -1 #xyz tv2 fid bid
           3.0000000000000000e+01   7.5000000000000000e-01   1.6000000000000001e+00 #xyz tv0
           3.0000000000000000e+01   0.0000000000000000e+00   1.6000000000000001e+00 #xyz tv1
           3.0000000000000000e+01   7.5000000000000000e-01   1.2000000000000002e+00 149 -1 #xyz tv2 fid bid
           3.0000000000000000e+01   7.5000000000000000e-01   1.6000000000000001e+00 #xyz tv0
           3.0000000000000000e+01   7.5000000000000000e-01   1.2000000000000002e+00 #xyz tv1
           3.0000000000000000e+01   1.5000000000000000e+00   1.6000000000000001e+00 24 -1 #xyz tv2 fid bid
           3.0000000000000000e+01   7.5000000000000000e-01   1.6000000000000001e+00 #xyz tv0
           3.0000000000000000e+01   7.5000000000000000e-01   1.2000000000000002e+00 #xyz tv1
           3.0000000000000000e+01   1.5000000000000000e+00   1.6000000000000001e+00 149 -1 #xyz tv2 fid bid
           3.0000000000000000e+01   7.5000000000000000e-01   1.2000000000000002e+00 #xyz ev0
           3.0000000000000000e+01   7.5000000000000000e-01   1.6000000000000001e+00 -1 151 #xyz ev1 fid bid
   0   0.000000000000e+00   0.000000000000e+00   0.000000000000e+00 #flag location
END_ERR 
G3dErrFileVersion 2025R1
FlagFileMetaData Begin
   Mesh Size - Setup1, Refinement, Pass #6, Freq. 2.400000e+09 :Title    
   Listing of mesh elements with poor quality. :ToolTip  
   hf3d :Author   
   1775646449 :TimeStamp
   mm :UnitName 
   1.0000000000000000e-03 :UnitConv
FlagFileMetaData End
BEGIN_ERR 
26 Small mesh segment detected on body : rad
 Small mesh segment detected on body : rad 
 Segment Statistics - Number of Segments : 1 --- Segment length(s) : 0.400000mm. The cutoff frequency for S-Matrix Only Solve is 3.747405725MHz 
3 -1  24  149  # nfids, fids[]
2 151  -1  # nbids, bids[]
      4 4 1 0 #ntets ntri ned npts
           3.0000000000000000e+01   7.5000000000000000e-01   1.2000000000000002e+00 #xyz tv0
           3.1782178680314075e+01   1.3586322927190433e+00   2.8141438462048978e+00 #xyz tv1
           3.0000000000000000e+01   7.5000000000000000e-01   1.6000000000000001e+00 #xyz tv2
           3.0000000000000000e+01   1.5000000000000000e+00   1.6000000000000001e+00 -1 151 #xyz tv3 fid bid
           3.0000000000000000e+01   0.0000000000000000e+00   1.6000000000000001e+00 #xyz tv0
           3.0000000000000000e+01   7.5000000000000000e-01   1.2000000000000002e+00 #xyz tv1
           3.1782178680314075e+01   1.3586322927190433e+00   2.8141438462048978e+00 #xyz tv2
           3.0000000000000000e+01   7.5000000000000000e-01   1.6000000000000001e+00 -1 151 #xyz tv3 fid bid
           3.0000000000000000e+01   1.5000000000000000e+00   1.6000000000000001e+00 #xyz tv0
           3.0000000000000000e+01   7.5000000000000000e-01   1.2000000000000002e+00 #xyz tv1
           2.8572869748977709e+01   1.3018612938023788e-01   1.6000000000000001e+00 #xyz tv2
           3.0000000000000000e+01   7.5000000000000000e-01   1.6000000000000001e+00 -1 151 #xyz tv3 fid bid
           2.8572869748977709e+01   1.3018612938023788e-01   1.6000000000000001e+00 #xyz tv0
           3.0000000000000000e+01   7.5000000000000000e-01   1.6000000000000001e+00 #xyz tv1
           3.0000000000000000e+01   7.5000000000000000e-01   1.2000000000000002e+00 #xyz tv2
           3.0000000000000000e+01   0.0000000000000000e+00   1.6000000000000001e+00 -1 151 #xyz tv3 fid bid
           3.0000000000000000e+01   7.5000000000000000e-01   1.6000000000000001e+00 #xyz tv0
           3.0000000000000000e+01   0.0000000000000000e+00   1.6000000000000001e+00 #xyz tv1
           3.0000000000000000e+01   7.5000000000000000e-01   1.2000000000000002e+00 24 -1 #xyz tv2 fid bid
           3.0000000000000000e+01   7.5000000000000000e-01   1.6000000000000001e+00 #xyz tv0
           3.0000000000000000e+01   0.0000000000000000e+00   1.6000000000000001e+00 #xyz tv1
           3.0000000000000000e+01   7.5000000000000000e-01   1.2000000000000002e+00 149 -1 #xyz tv2 fid bid
           3.0000000000000000e+01   7.5000000000000000e-01   1.6000000000000001e+00 #xyz tv0
           3.0000000000000000e+01   7.5000000000000000e-01   1.2000000000000002e+00 #xyz tv1
           3.0000000000000000e+01   1.5000000000000000e+00   1.6000000000000001e+00 24 -1 #xyz tv2 fid bid
           3.0000000000000000e+01   7.5000000000000000e-01   1.6000000000000001e+00 #xyz tv0
           3.0000000000000000e+01   7.5000000000000000e-01   1.2000000000000002e+00 #xyz tv1
           3.0000000000000000e+01   1.5000000000000000e+00   1.6000000000000001e+00 149 -1 #xyz tv2 fid bid
           3.0000000000000000e+01   7.5000000000000000e-01   1.2000000000000002e+00 #xyz ev0
           3.0000000000000000e+01   7.5000000000000000e-01   1.6000000000000001e+00 -1 151 #xyz ev1 fid bid
   0   0.000000000000e+00   0.000000000000e+00   0.000000000000e+00 #flag location
END_ERR 
G3dErrFileVersion 2025R1
FlagFileMetaData Begin
   Mesh Size - Setup1, Refinement, Pass #7, Freq. 2.400000e+09 :Title    
   Listing of mesh elements with poor quality. :ToolTip  
   hf3d :Author   
   1775646452 :TimeStamp
   mm :UnitName 
   1.0000000000000000e-03 :UnitConv
FlagFileMetaData End
BEGIN_ERR 
26 Small mesh segment detected on body : rad
 Small mesh segment detected on body : rad 
 Segment Statistics - Number of Segments : 1 --- Segment length(s) : 0.400000mm. The cutoff frequency for S-Matrix Only Solve is 3.747405725MHz 
3 -1  24  149  # nfids, fids[]
2 151  -1  # nbids, bids[]
      4 4 1 0 #ntets ntri ned npts
           3.0000000000000000e+01   7.5000000000000000e-01   1.2000000000000002e+00 #xyz tv0
           3.1782178680314075e+01   1.3586322927190433e+00   2.8141438462048978e+00 #xyz tv1
           3.0000000000000000e+01   7.5000000000000000e-01   1.6000000000000001e+00 #xyz tv2
           3.0000000000000000e+01   1.5000000000000000e+00   1.6000000000000001e+00 -1 151 #xyz tv3 fid bid
           3.0000000000000000e+01   0.0000000000000000e+00   1.6000000000000001e+00 #xyz tv0
           3.0000000000000000e+01   7.5000000000000000e-01   1.2000000000000002e+00 #xyz tv1
           3.1782178680314075e+01   1.3586322927190433e+00   2.8141438462048978e+00 #xyz tv2
           3.0000000000000000e+01   7.5000000000000000e-01   1.6000000000000001e+00 -1 151 #xyz tv3 fid bid
           3.0000000000000000e+01   1.5000000000000000e+00   1.6000000000000001e+00 #xyz tv0
           3.0000000000000000e+01   7.5000000000000000e-01   1.2000000000000002e+00 #xyz tv1
           2.8572869748977709e+01   1.3018612938023788e-01   1.6000000000000001e+00 #xyz tv2
           3.0000000000000000e+01   7.5000000000000000e-01   1.6000000000000001e+00 -1 151 #xyz tv3 fid bid
           2.8572869748977709e+01   1.3018612938023788e-01   1.6000000000000001e+00 #xyz tv0
           3.0000000000000000e+01   7.5000000000000000e-01   1.6000000000000001e+00 #xyz tv1
           3.0000000000000000e+01   7.5000000000000000e-01   1.2000000000000002e+00 #xyz tv2
           3.0000000000000000e+01   0.0000000000000000e+00   1.6000000000000001e+00 -1 151 #xyz tv3 fid bid
           3.0000000000000000e+01   7.5000000000000000e-01   1.6000000000000001e+00 #xyz tv0
           3.0000000000000000e+01   0.0000000000000000e+00   1.6000000000000001e+00 #xyz tv1
           3.0000000000000000e+01   7.5000000000000000e-01   1.2000000000000002e+00 24 -1 #xyz tv2 fid bid
           3.0000000000000000e+01   7.5000000000000000e-01   1.6000000000000001e+00 #xyz tv0
           3.0000000000000000e+01   0.0000000000000000e+00   1.6000000000000001e+00 #xyz tv1
           3.0000000000000000e+01   7.5000000000000000e-01   1.2000000000000002e+00 149 -1 #xyz tv2 fid bid
           3.0000000000000000e+01   7.5000000000000000e-01   1.6000000000000001e+00 #xyz tv0
           3.0000000000000000e+01   7.5000000000000000e-01   1.2000000000000002e+00 #xyz tv1
           3.0000000000000000e+01   1.5000000000000000e+00   1.6000000000000001e+00 24 -1 #xyz tv2 fid bid
           3.0000000000000000e+01   7.5000000000000000e-01   1.6000000000000001e+00 #xyz tv0
           3.0000000000000000e+01   7.5000000000000000e-01   1.2000000000000002e+00 #xyz tv1
           3.0000000000000000e+01   1.5000000000000000e+00   1.6000000000000001e+00 149 -1 #xyz tv2 fid bid
           3.0000000000000000e+01   7.5000000000000000e-01   1.2000000000000002e+00 #xyz ev0
           3.0000000000000000e+01   7.5000000000000000e-01   1.6000000000000001e+00 -1 151 #xyz ev1 fid bid
   0   0.000000000000e+00   0.000000000000e+00   0.000000000000e+00 #flag location
END_ERR 
G3dErrFileVersion 2025R1
FlagFileMetaData Begin
   Mesh Size - Setup1, Refinement, Pass #8, Freq. 2.400000e+09 :Title    
   Listing of mesh elements with poor quality. :ToolTip  
   hf3d :Author   
   1775646455 :TimeStamp
   mm :UnitName 
   1.0000000000000000e-03 :UnitConv
FlagFileMetaData End
BEGIN_ERR 
26 Small mesh segment detected on body : rad
 Small mesh segment detected on body : rad 
 Segment Statistics - Number of Segments : 1 --- Segment length(s) : 0.400000mm. The cutoff frequency for S-Matrix Only Solve is 3.747405725MHz 
3 -1  24  149  # nfids, fids[]
2 151  -1  # nbids, bids[]
      4 4 1 0 #ntets ntri ned npts
           3.0000000000000000e+01   7.5000000000000000e-01   1.2000000000000002e+00 #xyz tv0
           3.1782178680314075e+01   1.3586322927190433e+00   2.8141438462048978e+00 #xyz tv1
           3.0000000000000000e+01   7.5000000000000000e-01   1.6000000000000001e+00 #xyz tv2
           3.0000000000000000e+01   1.5000000000000000e+00   1.6000000000000001e+00 -1 151 #xyz tv3 fid bid
           3.0000000000000000e+01   0.0000000000000000e+00   1.6000000000000001e+00 #xyz tv0
           3.0000000000000000e+01   7.5000000000000000e-01   1.2000000000000002e+00 #xyz tv1
           3.1782178680314075e+01   1.3586322927190433e+00   2.8141438462048978e+00 #xyz tv2
           3.0000000000000000e+01   7.5000000000000000e-01   1.6000000000000001e+00 -1 151 #xyz tv3 fid bid
           3.0000000000000000e+01   1.5000000000000000e+00   1.6000000000000001e+00 #xyz tv0
           3.0000000000000000e+01   7.5000000000000000e-01   1.2000000000000002e+00 #xyz tv1
           2.8572869748977709e+01   1.3018612938023788e-01   1.6000000000000001e+00 #xyz tv2
           3.0000000000000000e+01   7.5000000000000000e-01   1.6000000000000001e+00 -1 151 #xyz tv3 fid bid
           2.8572869748977709e+01   1.3018612938023788e-01   1.6000000000000001e+00 #xyz tv0
           3.0000000000000000e+01   7.5000000000000000e-01   1.6000000000000001e+00 #xyz tv1
           3.0000000000000000e+01   7.5000000000000000e-01   1.2000000000000002e+00 #xyz tv2
           3.0000000000000000e+01   0.0000000000000000e+00   1.6000000000000001e+00 -1 151 #xyz tv3 fid bid
           3.0000000000000000e+01   7.5000000000000000e-01   1.6000000000000001e+00 #xyz tv0
           3.0000000000000000e+01   0.0000000000000000e+00   1.6000000000000001e+00 #xyz tv1
           3.0000000000000000e+01   7.5000000000000000e-01   1.2000000000000002e+00 24 -1 #xyz tv2 fid bid
           3.0000000000000000e+01   7.5000000000000000e-01   1.6000000000000001e+00 #xyz tv0
           3.0000000000000000e+01   0.0000000000000000e+00   1.6000000000000001e+00 #xyz tv1
           3.0000000000000000e+01   7.5000000000000000e-01   1.2000000000000002e+00 149 -1 #xyz tv2 fid bid
           3.0000000000000000e+01   7.5000000000000000e-01   1.6000000000000001e+00 #xyz tv0
           3.0000000000000000e+01   7.5000000000000000e-01   1.2000000000000002e+00 #xyz tv1
           3.0000000000000000e+01   1.5000000000000000e+00   1.6000000000000001e+00 24 -1 #xyz tv2 fid bid
           3.0000000000000000e+01   7.5000000000000000e-01   1.6000000000000001e+00 #xyz tv0
           3.0000000000000000e+01   7.5000000000000000e-01   1.2000000000000002e+00 #xyz tv1
           3.0000000000000000e+01   1.5000000000000000e+00   1.6000000000000001e+00 149 -1 #xyz tv2 fid bid
           3.0000000000000000e+01   7.5000000000000000e-01   1.2000000000000002e+00 #xyz ev0
           3.0000000000000000e+01   7.5000000000000000e-01   1.6000000000000001e+00 -1 151 #xyz ev1 fid bid
   0   0.000000000000e+00   0.000000000000e+00   0.000000000000e+00 #flag location
END_ERR 
G3dErrFileVersion 2025R1
FlagFileMetaData Begin
   Mesh Size - Setup1, Refinement, Pass #9, Freq. 2.400000e+09 :Title    
   Listing of mesh elements with poor quality. :ToolTip  
   hf3d :Author   
   1775646457 :TimeStamp
   mm :UnitName 
   1.0000000000000000e-03 :UnitConv
FlagFileMetaData End
BEGIN_ERR 
26 Small mesh segment detected on body : rad
 Small mesh segment detected on body : rad 
 Segment Statistics - Number of Segments : 1 --- Segment length(s) : 0.378482mm. The cutoff frequency for S-Matrix Only Solve is 3.747405725MHz 
3 -1  24  149  # nfids, fids[]
2 151  -1  # nbids, bids[]
      4 4 1 0 #ntets ntri ned npts
           3.0000000000000000e+01   7.7950463166572415e-01   1.2226699684393840e+00 #xyz tv0
           3.1782178680314075e+01   1.3586322927190433e+00   2.8141438462048978e+00 #xyz tv1
           3.0000000000000000e+01   7.5000000000000000e-01   1.6000000000000001e+00 #xyz tv2
           3.0000000000000000e+01   1.5000000000000000e+00   1.6000000000000001e+00 -1 151 #xyz tv3 fid bid
           3.0000000000000000e+01   0.0000000000000000e+00   1.6000000000000001e+00 #xyz tv0
           3.0000000000000000e+01   7.7950463166572415e-01   1.2226699684393840e+00 #xyz tv1
           3.1782178680314075e+01   1.3586322927190433e+00   2.8141438462048978e+00 #xyz tv2
           3.0000000000000000e+01   7.5000000000000000e-01   1.6000000000000001e+00 -1 151 #xyz tv3 fid bid
           3.0000000000000000e+01   1.5000000000000000e+00   1.6000000000000001e+00 #xyz tv0
           3.0000000000000000e+01   7.7950463166572415e-01   1.2226699684393840e+00 #xyz tv1
           2.8572869748977709e+01   1.3018612938023788e-01   1.6000000000000001e+00 #xyz tv2
           3.0000000000000000e+01   7.5000000000000000e-01   1.6000000000000001e+00 -1 151 #xyz tv3 fid bid
           2.8572869748977709e+01   1.3018612938023788e-01   1.6000000000000001e+00 #xyz tv0
           3.0000000000000000e+01   7.5000000000000000e-01   1.6000000000000001e+00 #xyz tv1
           3.0000000000000000e+01   7.7950463166572415e-01   1.2226699684393840e+00 #xyz tv2
           3.0000000000000000e+01   0.0000000000000000e+00   1.6000000000000001e+00 -1 151 #xyz tv3 fid bid
           3.0000000000000000e+01   7.5000000000000000e-01   1.6000000000000001e+00 #xyz tv0
           3.0000000000000000e+01   0.0000000000000000e+00   1.6000000000000001e+00 #xyz tv1
           3.0000000000000000e+01   7.7950463166572415e-01   1.2226699684393840e+00 24 -1 #xyz tv2 fid bid
           3.0000000000000000e+01   7.5000000000000000e-01   1.6000000000000001e+00 #xyz tv0
           3.0000000000000000e+01   0.0000000000000000e+00   1.6000000000000001e+00 #xyz tv1
           3.0000000000000000e+01   7.7950463166572415e-01   1.2226699684393840e+00 149 -1 #xyz tv2 fid bid
           3.0000000000000000e+01   7.5000000000000000e-01   1.6000000000000001e+00 #xyz tv0
           3.0000000000000000e+01   7.7950463166572415e-01   1.2226699684393840e+00 #xyz tv1
           3.0000000000000000e+01   1.5000000000000000e+00   1.6000000000000001e+00 24 -1 #xyz tv2 fid bid
           3.0000000000000000e+01   7.5000000000000000e-01   1.6000000000000001e+00 #xyz tv0
           3.0000000000000000e+01   7.7950463166572415e-01   1.2226699684393840e+00 #xyz tv1
           3.0000000000000000e+01   1.5000000000000000e+00   1.6000000000000001e+00 149 -1 #xyz tv2 fid bid
           3.0000000000000000e+01   7.7950463166572415e-01   1.2226699684393840e+00 #xyz ev0
           3.0000000000000000e+01   7.5000000000000000e-01   1.6000000000000001e+00 -1 151 #xyz ev1 fid bid
   0   0.000000000000e+00   0.000000000000e+00   0.000000000000e+00 #flag location
END_ERR 
G3dErrFileVersion 2025R1
FlagFileMetaData Begin
   Mesh Size - Setup1, Refinement, Pass #10, Freq. 2.400000e+09 :Title    
   Listing of mesh elements with poor quality. :ToolTip  
   hf3d :Author   
   1775646460 :TimeStamp
   mm :UnitName 
   1.0000000000000000e-03 :UnitConv
FlagFileMetaData End
BEGIN_ERR 
26 Small mesh segment detected on body : rad
 Small mesh segment detected on body : rad 
 Segment Statistics - Number of Segments : 1 --- Segment length(s) : 0.378482mm. The cutoff frequency for S-Matrix Only Solve is 3.747405725MHz 
3 -1  24  149  # nfids, fids[]
2 151  -1  # nbids, bids[]
      4 4 1 0 #ntets ntri ned npts
           3.0000000000000000e+01   7.7950463166572415e-01   1.2226699684393840e+00 #xyz tv0
           3.1782178680314075e+01   1.3586322927190433e+00   2.8141438462048978e+00 #xyz tv1
           3.0000000000000000e+01   7.5000000000000000e-01   1.6000000000000001e+00 #xyz tv2
           3.0000000000000000e+01   1.5000000000000000e+00   1.6000000000000001e+00 -1 151 #xyz tv3 fid bid
           3.0000000000000000e+01   0.0000000000000000e+00   1.6000000000000001e+00 #xyz tv0
           3.0000000000000000e+01   7.7950463166572415e-01   1.2226699684393840e+00 #xyz tv1
           3.1782178680314075e+01   1.3586322927190433e+00   2.8141438462048978e+00 #xyz tv2
           3.0000000000000000e+01   7.5000000000000000e-01   1.6000000000000001e+00 -1 151 #xyz tv3 fid bid
           3.0000000000000000e+01   1.5000000000000000e+00   1.6000000000000001e+00 #xyz tv0
           3.0000000000000000e+01   7.7950463166572415e-01   1.2226699684393840e+00 #xyz tv1
           2.8572869748977709e+01   1.3018612938023788e-01   1.6000000000000001e+00 #xyz tv2
           3.0000000000000000e+01   7.5000000000000000e-01   1.6000000000000001e+00 -1 151 #xyz tv3 fid bid
           2.8572869748977709e+01   1.3018612938023788e-01   1.6000000000000001e+00 #xyz tv0
           3.0000000000000000e+01   7.5000000000000000e-01   1.6000000000000001e+00 #xyz tv1
           3.0000000000000000e+01   7.7950463166572415e-01   1.2226699684393840e+00 #xyz tv2
           3.0000000000000000e+01   0.0000000000000000e+00   1.6000000000000001e+00 -1 151 #xyz tv3 fid bid
           3.0000000000000000e+01   7.5000000000000000e-01   1.6000000000000001e+00 #xyz tv0
           3.0000000000000000e+01   0.0000000000000000e+00   1.6000000000000001e+00 #xyz tv1
           3.0000000000000000e+01   7.7950463166572415e-01   1.2226699684393840e+00 24 -1 #xyz tv2 fid bid
           3.0000000000000000e+01   7.5000000000000000e-01   1.6000000000000001e+00 #xyz tv0
           3.0000000000000000e+01   0.0000000000000000e+00   1.6000000000000001e+00 #xyz tv1
           3.0000000000000000e+01   7.7950463166572415e-01   1.2226699684393840e+00 149 -1 #xyz tv2 fid bid
           3.0000000000000000e+01   7.5000000000000000e-01   1.6000000000000001e+00 #xyz tv0
           3.0000000000000000e+01   7.7950463166572415e-01   1.2226699684393840e+00 #xyz tv1
           3.0000000000000000e+01   1.5000000000000000e+00   1.6000000000000001e+00 24 -1 #xyz tv2 fid bid
           3.0000000000000000e+01   7.5000000000000000e-01   1.6000000000000001e+00 #xyz tv0
           3.0000000000000000e+01   7.7950463166572415e-01   1.2226699684393840e+00 #xyz tv1
           3.0000000000000000e+01   1.5000000000000000e+00   1.6000000000000001e+00 149 -1 #xyz tv2 fid bid
           3.0000000000000000e+01   7.7950463166572415e-01   1.2226699684393840e+00 #xyz ev0
           3.0000000000000000e+01   7.5000000000000000e-01   1.6000000000000001e+00 -1 151 #xyz ev1 fid bid
   0   0.000000000000e+00   0.000000000000e+00   0.000000000000e+00 #flag location
END_ERR 
G3dErrFileVersion 2025R1
FlagFileMetaData Begin
   Mesh Size - Setup1, Refinement, Pass #11, Freq. 2.400000e+09 :Title    
   Listing of mesh elements with poor quality. :ToolTip  
   hf3d :Author   
   1775646463 :TimeStamp
   mm :UnitName 
   1.0000000000000000e-03 :UnitConv
FlagFileMetaData End
BEGIN_ERR 
26 Small mesh segment detected on body : rad
 Small mesh segment detected on body : rad 
 Segment Statistics - Number of Segments : 1 --- Segment length(s) : 0.378482mm. The cutoff frequency for S-Matrix Only Solve is 3.747405725MHz 
3 -1  24  149  # nfids, fids[]
2 151  -1  # nbids, bids[]
      5 4 1 0 #ntets ntri ned npts
           3.0000000000000000e+01   7.5000000000000000e-01   1.6000000000000001e+00 #xyz tv0
           3.2321362855505129e+01   2.9730426651204889e-01   1.2721473716536309e+00 #xyz tv1
           3.0816939738755867e+01   1.4708086175302650e+00   1.3481108727470315e+00 #xyz tv2
           3.0000000000000000e+01   7.7950463166572415e-01   1.2226699684393840e+00 -1 151 #xyz tv3 fid bid
           3.0000000000000000e+01   1.5000000000000000e+00   1.6000000000000001e+00 #xyz tv0
           3.0000000000000000e+01   7.5000000000000000e-01   1.6000000000000001e+00 #xyz tv1
           3.0816939738755867e+01   1.4708086175302650e+00   1.3481108727470315e+00 #xyz tv2
           3.0000000000000000e+01   7.7950463166572415e-01   1.2226699684393840e+00 -1 151 #xyz tv3 fid bid
           3.0000000000000000e+01   7.7950463166572415e-01   1.2226699684393840e+00 #xyz tv0
           3.0000000000000000e+01   7.5000000000000000e-01   1.6000000000000001e+00 #xyz tv1
           3.2321362855505129e+01   2.9730426651204889e-01   1.2721473716536309e+00 #xyz tv2
           3.0000000000000000e+01   0.0000000000000000e+00   1.6000000000000001e+00 -1 151 #xyz tv3 fid bid
           3.0000000000000000e+01   1.5000000000000000e+00   1.6000000000000001e+00 #xyz tv0
           3.0000000000000000e+01   7.7950463166572415e-01   1.2226699684393840e+00 #xyz tv1
           2.8572869748977709e+01   1.3018612938023788e-01   1.6000000000000001e+00 #xyz tv2
           3.0000000000000000e+01   7.5000000000000000e-01   1.6000000000000001e+00 -1 151 #xyz tv3 fid bid
           2.8572869748977709e+01   1.3018612938023788e-01   1.6000000000000001e+00 #xyz tv0
           3.0000000000000000e+01   7.5000000000000000e-01   1.6000000000000001e+00 #xyz tv1
           3.0000000000000000e+01   7.7950463166572415e-01   1.2226699684393840e+00 #xyz tv2
           3.0000000000000000e+01   0.0000000000000000e+00   1.6000000000000001e+00 -1 151 #xyz tv3 fid bid
           3.0000000000000000e+01   7.5000000000000000e-01   1.6000000000000001e+00 #xyz tv0
           3.0000000000000000e+01   0.0000000000000000e+00   1.6000000000000001e+00 #xyz tv1
           3.0000000000000000e+01   7.7950463166572415e-01   1.2226699684393840e+00 24 -1 #xyz tv2 fid bid
           3.0000000000000000e+01   7.5000000000000000e-01   1.6000000000000001e+00 #xyz tv0
           3.0000000000000000e+01   0.0000000000000000e+00   1.6000000000000001e+00 #xyz tv1
           3.0000000000000000e+01   7.7950463166572415e-01   1.2226699684393840e+00 149 -1 #xyz tv2 fid bid
           3.0000000000000000e+01   7.5000000000000000e-01   1.6000000000000001e+00 #xyz tv0
           3.0000000000000000e+01   7.7950463166572415e-01   1.2226699684393840e+00 #xyz tv1
           3.0000000000000000e+01   1.5000000000000000e+00   1.6000000000000001e+00 24 -1 #xyz tv2 fid bid
