G3dErrFileVersion 2025R1
FlagFileMetaData Begin
   Mesh Size - Setup1, Refinement, Pass #1, Freq. 1.800000e+10 :Title    
   Listing of mesh elements with poor quality. :ToolTip  
   hf3d :Author   
   1775652140 :TimeStamp
   mm :UnitName 
   1.0000000000000000e-03 :UnitConv
FlagFileMetaData End
BEGIN_ERR 
26 Small mesh segment detected on body : Region
 Small mesh segment detected on body : Region 
 Segment Statistics - Number of Segments : 1 --- Segment length(s) : 0.300000mm. The cutoff frequency for S-Matrix Only Solve is 33.3102731111111MHz 
3 -1  7  117  # nfids, fids[]
2 184  -1  # nbids, bids[]
      5 3 1 0 #ntets ntri ned npts
           0.0000000000000000e+00   4.5000000000000027e+00   5.0832999999999995e+00 #xyz tv0
           6.0000000000000087e-01   4.1500000000000004e+00   3.0000000000000000e+00 #xyz tv1
           8.9999999999999947e-01   4.1500000000000004e+00   3.0000000000000000e+00 #xyz tv2
           8.9999999999999947e-01   4.8500000000000023e+00   3.0000000000000000e+00 -1 184 #xyz tv3 fid bid
           0.0000000000000000e+00   4.5000000000000027e+00   5.0832999999999995e+00 #xyz tv0
           8.9999999999999947e-01   4.1500000000000004e+00   3.0000000000000000e+00 #xyz tv1
           6.0000000000000087e-01   4.1500000000000004e+00   3.0000000000000000e+00 #xyz tv2
           1.0350378787878787e+00   3.0232954545454547e+00   4.4007035984848484e+00 -1 184 #xyz tv3 fid bid
           8.9999999999999947e-01   4.1500000000000004e+00   3.0000000000000000e+00 #xyz tv0
           0.0000000000000000e+00   4.5000000000000027e+00   1.5000000000000000e+00 #xyz tv1
           8.9999999999999947e-01   4.8500000000000023e+00   3.0000000000000000e+00 #xyz tv2
           6.0000000000000087e-01   4.1500000000000004e+00   3.0000000000000000e+00 -1 184 #xyz tv3 fid bid
           8.9999999999999947e-01   3.3000000000000003e+00   3.0000000000000000e+00 #xyz tv0
           0.0000000000000000e+00   4.5000000000000027e+00   1.5000000000000000e+00 #xyz tv1
           8.9999999999999947e-01   4.1500000000000004e+00   3.0000000000000000e+00 #xyz tv2
           6.0000000000000087e-01   4.1500000000000004e+00   3.0000000000000000e+00 -1 184 #xyz tv3 fid bid
           8.9999999999999947e-01   3.3000000000000003e+00   3.0000000000000000e+00 #xyz tv0
           8.9999999999999947e-01   4.1500000000000004e+00   3.0000000000000000e+00 #xyz tv1
           1.0350378787878787e+00   3.0232954545454547e+00   4.4007035984848484e+00 #xyz tv2
           6.0000000000000087e-01   4.1500000000000004e+00   3.0000000000000000e+00 -1 184 #xyz tv3 fid bid
           8.9999999999999947e-01   4.8500000000000023e+00   3.0000000000000000e+00 #xyz tv0
           6.0000000000000087e-01   4.1500000000000004e+00   3.0000000000000000e+00 #xyz tv1
           8.9999999999999947e-01   4.1500000000000004e+00   3.0000000000000000e+00 7 -1 #xyz tv2 fid bid
           8.9999999999999947e-01   4.8500000000000023e+00   3.0000000000000000e+00 #xyz tv0
           6.0000000000000087e-01   4.1500000000000004e+00   3.0000000000000000e+00 #xyz tv1
           8.9999999999999947e-01   4.1500000000000004e+00   3.0000000000000000e+00 117 -1 #xyz tv2 fid bid
           6.0000000000000087e-01   4.1500000000000004e+00   3.0000000000000000e+00 #xyz tv0
           8.9999999999999947e-01   3.3000000000000003e+00   3.0000000000000000e+00 #xyz tv1
           8.9999999999999947e-01   4.1500000000000004e+00   3.0000000000000000e+00 7 -1 #xyz tv2 fid bid
           6.0000000000000087e-01   4.1500000000000004e+00   3.0000000000000000e+00 #xyz ev0
           8.9999999999999947e-01   4.1500000000000004e+00   3.0000000000000000e+00 -1 184 #xyz ev1 fid bid
   0   0.000000000000e+00   0.000000000000e+00   0.000000000000e+00 #flag location
END_ERR 
G3dErrFileVersion 2025R1
FlagFileMetaData Begin
   Mesh Size - Setup1, Refinement, Pass #2, Freq. 1.800000e+10 :Title    
   Listing of mesh elements with poor quality. :ToolTip  
   hf3d :Author   
   1775652143 :TimeStamp
   mm :UnitName 
   1.0000000000000000e-03 :UnitConv
FlagFileMetaData End
BEGIN_ERR 
26 Small mesh segment detected on body : Region
 Small mesh segment detected on body : Region 
 Segment Statistics - Number of Segments : 1 --- Segment length(s) : 0.300000mm. The cutoff frequency for S-Matrix Only Solve is 33.3102731111111MHz 
3 -1  7  117  # nfids, fids[]
2 184  -1  # nbids, bids[]
      6 3 1 0 #ntets ntri ned npts
           0.0000000000000000e+00   4.5000000000000036e+00   5.0832999999999995e+00 #xyz tv0
           8.9999999999999947e-01   4.1500000000000004e+00   3.0000000000000000e+00 #xyz tv1
           6.0000000000000098e-01   4.1500000000000004e+00   3.0000000000000000e+00 #xyz tv2
           1.0350378787878787e+00   3.0232954545454547e+00   4.4007035984848484e+00 -1 184 #xyz tv3 fid bid
           0.0000000000000000e+00   4.5000000000000036e+00   5.0832999999999995e+00 #xyz tv0
           6.0000000000000098e-01   4.1500000000000004e+00   3.0000000000000000e+00 #xyz tv1
           8.9999999999999947e-01   4.1500000000000004e+00   3.0000000000000000e+00 #xyz tv2
           8.9999999999999947e-01   4.8500000000000023e+00   3.0000000000000000e+00 -1 184 #xyz tv3 fid bid
           8.9999999999999947e-01   3.3000000000000003e+00   3.0000000000000000e+00 #xyz tv0
           8.9999999999999947e-01   4.1500000000000004e+00   3.0000000000000000e+00 #xyz tv1
           1.0350378787878787e+00   3.0232954545454547e+00   4.4007035984848484e+00 #xyz tv2
           6.0000000000000098e-01   4.1500000000000004e+00   3.0000000000000000e+00 -1 184 #xyz tv3 fid bid
           8.9999999999999947e-01   4.1500000000000004e+00   3.0000000000000000e+00 #xyz tv0
           0.0000000000000000e+00   4.5000000000000036e+00   1.5000000000000000e+00 #xyz tv1
           8.9999999999999947e-01   4.8500000000000023e+00   3.0000000000000000e+00 #xyz tv2
           6.0000000000000098e-01   4.1500000000000004e+00   3.0000000000000000e+00 -1 184 #xyz tv3 fid bid
           8.8985872395040722e-01   3.1871348887923974e+00   2.4731763850409472e+00 #xyz tv0
           6.0000000000000098e-01   4.1500000000000004e+00   3.0000000000000000e+00 #xyz tv1
           8.9999999999999947e-01   4.1500000000000004e+00   3.0000000000000000e+00 #xyz tv2
           8.9999999999999947e-01   3.3000000000000003e+00   3.0000000000000000e+00 -1 184 #xyz tv3 fid bid
           8.8985872395040722e-01   3.1871348887923974e+00   2.4731763850409472e+00 #xyz tv0
           8.9999999999999947e-01   4.1500000000000004e+00   3.0000000000000000e+00 #xyz tv1
           6.0000000000000098e-01   4.1500000000000004e+00   3.0000000000000000e+00 #xyz tv2
           0.0000000000000000e+00   4.5000000000000036e+00   1.5000000000000000e+00 -1 184 #xyz tv3 fid bid
           8.9999999999999947e-01   4.8500000000000023e+00   3.0000000000000000e+00 #xyz tv0
           6.0000000000000098e-01   4.1500000000000004e+00   3.0000000000000000e+00 #xyz tv1
           8.9999999999999947e-01   4.1500000000000004e+00   3.0000000000000000e+00 7 -1 #xyz tv2 fid bid
           8.9999999999999947e-01   4.8500000000000023e+00   3.0000000000000000e+00 #xyz tv0
           6.0000000000000098e-01   4.1500000000000004e+00   3.0000000000000000e+00 #xyz tv1
           8.9999999999999947e-01   4.1500000000000004e+00   3.0000000000000000e+00 117 -1 #xyz tv2 fid bid
           6.0000000000000098e-01   4.1500000000000004e+00   3.0000000000000000e+00 #xyz tv0
           8.9999999999999947e-01   3.3000000000000003e+00   3.0000000000000000e+00 #xyz tv1
           8.9999999999999947e-01   4.1500000000000004e+00   3.0000000000000000e+00 7 -1 #xyz tv2 fid bid
           6.0000000000000098e-01   4.1500000000000004e+00   3.0000000000000000e+00 #xyz ev0
           8.9999999999999947e-01   4.1500000000000004e+00   3.0000000000000000e+00 -1 184 #xyz ev1 fid bid
   0   0.000000000000e+00   0.000000000000e+00   0.000000000000e+00 #flag location
END_ERR 
G3dErrFileVersion 2025R1
FlagFileMetaData Begin
   Mesh Size - Setup1, Refinement, Pass #3, Freq. 1.800000e+10 :Title    
   Listing of mesh elements with poor quality. :ToolTip  
   hf3d :Author   
   1775652145 :TimeStamp
   mm :UnitName 
   1.0000000000000000e-03 :UnitConv
FlagFileMetaData End
BEGIN_ERR 
26 Small mesh segment detected on body : Region
 Small mesh segment detected on body : Region 
 Segment Statistics - Number of Segments : 1 --- Segment length(s) : 0.300000mm. The cutoff frequency for S-Matrix Only Solve is 33.3102731111111MHz 
3 -1  7  117  # nfids, fids[]
2 184  -1  # nbids, bids[]
      6 3 1 0 #ntets ntri ned npts
           0.0000000000000000e+00   4.5000000000000036e+00   5.0832999999999995e+00 #xyz tv0
           8.9999999999999947e-01   4.1500000000000004e+00   3.0000000000000000e+00 #xyz tv1
           6.0000000000000098e-01   4.1500000000000004e+00   3.0000000000000000e+00 #xyz tv2
           1.0350378787878787e+00   3.0232954545454547e+00   4.4007035984848484e+00 -1 184 #xyz tv3 fid bid
           0.0000000000000000e+00   4.5000000000000036e+00   5.0832999999999995e+00 #xyz tv0
           6.0000000000000098e-01   4.1500000000000004e+00   3.0000000000000000e+00 #xyz tv1
           8.9999999999999947e-01   4.1500000000000004e+00   3.0000000000000000e+00 #xyz tv2
           8.9999999999999947e-01   4.8500000000000023e+00   3.0000000000000000e+00 -1 184 #xyz tv3 fid bid
           8.9999999999999947e-01   3.3000000000000003e+00   3.0000000000000000e+00 #xyz tv0
           8.9999999999999947e-01   4.1500000000000004e+00   3.0000000000000000e+00 #xyz tv1
           1.0350378787878787e+00   3.0232954545454547e+00   4.4007035984848484e+00 #xyz tv2
           6.0000000000000098e-01   4.1500000000000004e+00   3.0000000000000000e+00 -1 184 #xyz tv3 fid bid
           8.9999999999999947e-01   4.1500000000000004e+00   3.0000000000000000e+00 #xyz tv0
           0.0000000000000000e+00   4.5000000000000036e+00   1.5000000000000000e+00 #xyz tv1
           8.9999999999999947e-01   4.8500000000000023e+00   3.0000000000000000e+00 #xyz tv2
           6.0000000000000098e-01   4.1500000000000004e+00   3.0000000000000000e+00 -1 184 #xyz tv3 fid bid
           8.8985872395040722e-01   3.1871348887923978e+00   2.4731763850409472e+00 #xyz tv0
           6.0000000000000098e-01   4.1500000000000004e+00   3.0000000000000000e+00 #xyz tv1
           8.9999999999999947e-01   4.1500000000000004e+00   3.0000000000000000e+00 #xyz tv2
           8.9999999999999947e-01   3.3000000000000003e+00   3.0000000000000000e+00 -1 184 #xyz tv3 fid bid
           8.8985872395040722e-01   3.1871348887923978e+00   2.4731763850409472e+00 #xyz tv0
           8.9999999999999947e-01   4.1500000000000004e+00   3.0000000000000000e+00 #xyz tv1
           6.0000000000000098e-01   4.1500000000000004e+00   3.0000000000000000e+00 #xyz tv2
           0.0000000000000000e+00   4.5000000000000036e+00   1.5000000000000000e+00 -1 184 #xyz tv3 fid bid
           8.9999999999999947e-01   4.8500000000000023e+00   3.0000000000000000e+00 #xyz tv0
           6.0000000000000098e-01   4.1500000000000004e+00   3.0000000000000000e+00 #xyz tv1
           8.9999999999999947e-01   4.1500000000000004e+00   3.0000000000000000e+00 7 -1 #xyz tv2 fid bid
           8.9999999999999947e-01   4.8500000000000023e+00   3.0000000000000000e+00 #xyz tv0
           6.0000000000000098e-01   4.1500000000000004e+00   3.0000000000000000e+00 #xyz tv1
           8.9999999999999947e-01   4.1500000000000004e+00   3.0000000000000000e+00 117 -1 #xyz tv2 fid bid
           6.0000000000000098e-01   4.1500000000000004e+00   3.0000000000000000e+00 #xyz tv0
           8.9999999999999947e-01   3.3000000000000003e+00   3.0000000000000000e+00 #xyz tv1
           8.9999999999999947e-01   4.1500000000000004e+00   3.0000000000000000e+00 7 -1 #xyz tv2 fid bid
           6.0000000000000098e-01   4.1500000000000004e+00   3.0000000000000000e+00 #xyz ev0
           8.9999999999999947e-01   4.1500000000000004e+00   3.0000000000000000e+00 -1 184 #xyz ev1 fid bid
   0   0.000000000000e+00   0.000000000000e+00   0.000000000000e+00 #flag location
END_ERR 
G3dErrFileVersion 2025R1
FlagFileMetaData Begin
   Mesh Size - Setup1, Refinement, Pass #4, Freq. 1.800000e+10 :Title    
   Listing of mesh elements with poor quality. :ToolTip  
   hf3d :Author   
   1775652148 :TimeStamp
   mm :UnitName 
   1.0000000000000000e-03 :UnitConv
FlagFileMetaData End
BEGIN_ERR 
26 Small mesh segment detected on body : Region
 Small mesh segment detected on body : Region 
 Segment Statistics - Number of Segments : 1 --- Segment length(s) : 0.300000mm. The cutoff frequency for S-Matrix Only Solve is 33.3102731111111MHz 
3 -1  7  117  # nfids, fids[]
2 184  -1  # nbids, bids[]
      6 3 1 0 #ntets ntri ned npts
           0.0000000000000000e+00   4.5000000000000036e+00   5.0832999999999995e+00 #xyz tv0
           8.9999999999999947e-01   4.1500000000000004e+00   3.0000000000000000e+00 #xyz tv1
           6.0000000000000098e-01   4.1500000000000004e+00   3.0000000000000000e+00 #xyz tv2
           1.1548255480849066e+00   2.7165184070589117e+00   4.3207413853657757e+00 -1 184 #xyz tv3 fid bid
           8.3748109280135585e-01   3.1920918754006582e+00   2.5554797659523283e+00 #xyz tv0
           6.0000000000000098e-01   4.1500000000000004e+00   3.0000000000000000e+00 #xyz tv1
           8.9999999999999947e-01   4.1500000000000004e+00   3.0000000000000000e+00 #xyz tv2
           8.9999999999999947e-01   3.3000000000000003e+00   3.0000000000000000e+00 -1 184 #xyz tv3 fid bid
           8.9999999999999947e-01   3.3000000000000003e+00   3.0000000000000000e+00 #xyz tv0
           8.9999999999999947e-01   4.1500000000000004e+00   3.0000000000000000e+00 #xyz tv1
           1.1548255480849066e+00   2.7165184070589117e+00   4.3207413853657757e+00 #xyz tv2
           6.0000000000000098e-01   4.1500000000000004e+00   3.0000000000000000e+00 -1 184 #xyz tv3 fid bid
           0.0000000000000000e+00   4.5000000000000036e+00   5.0832999999999995e+00 #xyz tv0
           6.0000000000000098e-01   4.1500000000000004e+00   3.0000000000000000e+00 #xyz tv1
           8.9999999999999947e-01   4.1500000000000004e+00   3.0000000000000000e+00 #xyz tv2
           8.9999999999999947e-01   4.8500000000000023e+00   3.0000000000000000e+00 -1 184 #xyz tv3 fid bid
           8.3748109280135585e-01   3.1920918754006582e+00   2.5554797659523283e+00 #xyz tv0
           8.9999999999999947e-01   4.1500000000000004e+00   3.0000000000000000e+00 #xyz tv1
           6.0000000000000098e-01   4.1500000000000004e+00   3.0000000000000000e+00 #xyz tv2
           0.0000000000000000e+00   4.5000000000000036e+00   1.5000000000000000e+00 -1 184 #xyz tv3 fid bid
           8.9999999999999947e-01   4.1500000000000004e+00   3.0000000000000000e+00 #xyz tv0
           0.0000000000000000e+00   4.5000000000000036e+00   1.5000000000000000e+00 #xyz tv1
           8.9999999999999947e-01   4.8500000000000023e+00   3.0000000000000000e+00 #xyz tv2
           6.0000000000000098e-01   4.1500000000000004e+00   3.0000000000000000e+00 -1 184 #xyz tv3 fid bid
           8.9999999999999947e-01   4.8500000000000023e+00   3.0000000000000000e+00 #xyz tv0
           6.0000000000000098e-01   4.1500000000000004e+00   3.0000000000000000e+00 #xyz tv1
           8.9999999999999947e-01   4.1500000000000004e+00   3.0000000000000000e+00 7 -1 #xyz tv2 fid bid
           8.9999999999999947e-01   4.8500000000000023e+00   3.0000000000000000e+00 #xyz tv0
           6.0000000000000098e-01   4.1500000000000004e+00   3.0000000000000000e+00 #xyz tv1
           8.9999999999999947e-01   4.1500000000000004e+00   3.0000000000000000e+00 117 -1 #xyz tv2 fid bid
           6.0000000000000098e-01   4.1500000000000004e+00   3.0000000000000000e+00 #xyz tv0
           8.9999999999999947e-01   3.3000000000000003e+00   3.0000000000000000e+00 #xyz tv1
           8.9999999999999947e-01   4.1500000000000004e+00   3.0000000000000000e+00 7 -1 #xyz tv2 fid bid
           6.0000000000000098e-01   4.1500000000000004e+00   3.0000000000000000e+00 #xyz ev0
           8.9999999999999947e-01   4.1500000000000004e+00   3.0000000000000000e+00 -1 184 #xyz ev1 fid bid
   0   0.000000000000e+00   0.000000000000e+00   0.000000000000e+00 #flag location
END_ERR 
